# callgrind format
version: 1
creator: callgrind-3.18.1
pid: 527609
cmd:  ./bin/Release/Practico1 2048 128
part: 1


desc: I1 cache: 32768 B, 64 B, 8-way associative
desc: D1 cache: 32768 B, 64 B, 8-way associative
desc: LL cache: 6291456 B, 64 B, 12-way associative

desc: Timerange: Basic block 0 - 64564040
desc: Trigger: Program termination

positions: line
events: Ir Dr Dw I1mr D1mr D1mw ILmr DLmr DLmw
summary: 260164602 70585729 44908750 1052 1510 134226 1041 1305 134195


ob=(5) /ens/home01/s/santiago.calvo.vello/Documents/p1gpgpu/bin/Release/Practico1
fl=(141) ???
fn=(482) 0x00000000004016a0
0 12 2 3 2 0 0 2
cob=(3) /usr/lib64/libc.so.6
cfi=(142) /usr/src/debug/glibc-2.34-25.fc35.x86_64/csu/../csu/libc-start.c
cfn=(484) __libc_start_main@@GLIBC_2.34
calls=1 242 
0 260022393 70552270 44896178 118 58 133665 118 26 133654

fn=(496) 0x0000000000401780
0 11 1 0 3 0 0 3

fn=(510) 0x00000000004010b0
0 14 1 7 2 0 2 2
cob=(3)
cfi=(150) /usr/src/debug/glibc-2.34-25.fc35.x86_64/stdlib/../stdlib/strtol.c
cfn=(528) strtol
calls=1 105 
0 165 23 10 11 3 0 11 1
cob=(1) /usr/lib64/ld-linux-x86-64.so.2
cfi=(148) /usr/src/debug/glibc-2.34-25.fc35.x86_64/elf/../sysdeps/x86_64/dl-trampoline.h
cfn=(520) _dl_runtime_resolve_xsave
calls=1 67 
0 619 226 124 10 9 8 10 5 4
0 5 3 2 1 0 1 1
0 7 1 2
cob=(3)
cfi=(150)
cfn=(528)
calls=1 105 
0 146 22 10
0 1 1
0 2 0 1
cob=(3)
cfi=(152) /usr/src/debug/glibc-2.34-25.fc35.x86_64/stdlib/random.c
cfn=(540) srand
calls=1 209 
0 6195 1558 967 8 1 2 8 0 2
cob=(1)
cfi=(148)
cfn=(520)
calls=1 67 
0 641 226 124 0 5 0 0 5
0 5 3 2
0 9 0 3 1 0 0 1
cob=(3)
cfi=(154) /usr/src/debug/glibc-2.34-25.fc35.x86_64/malloc/malloc.c
cfn=(550) memalign
calls=1 3408 
0 1293 123 340 47 19 36 47 7 34
cob=(1)
cfi=(148)
cfn=(520)
calls=1 67 
0 783 240 124 2 8 0 2 4
0 5 3 2
0 4 0 2
cob=(3)
cfi=(154)
cfn=(550)
calls=1 3408 
0 314 56 52 0 0 1 0 0 1
0 1 1
0 4 0 1 1 0 0 1
cob=(3)
cfi=(154)
cfn=(550)
calls=1 3408 
0 314 56 52 0 0 1 0 0 1
0 1 1
0 4 0 2
cob=(3)
cfi=(154)
cfn=(550)
calls=1 3408 
0 314 56 52 0 0 1 0 0 1
0 1 1
0 542808 1045 534446 3 0 0 3
cob=(3)
cfi=(158) /usr/src/debug/glibc-2.34-25.fc35.x86_64/stdlib/rand.c
cfn=(588) rand
calls=534442 26 
0 28825388 8016630 4809978 6 1 0 6
cob=(1)
cfi=(148)
cfn=(520)
calls=1 67 
0 634 224 124 0 4 0 0 4
0 534446 534444 2
0 2672210 0 534442
cob=(3)
cfi=(158)
cfn=(588)
calls=534442 26 
0 28825388 8016630 4809978
0 534442 534442
0 3206652 534442 1068884 1 0 133611 1 0 133611
cob=(3)
cfi=(158)
cfn=(588)
calls=534442 26 
0 28825388 8016630 4809978
0 534442 534442
0 2672205 0 534441
cob=(3)
cfi=(158)
cfn=(588)
calls=534441 26 
0 28825334 8016615 4809969
0 534441 534441
0 3206646 534441 1068882
cob=(3)
cfi=(158)
cfn=(588)
calls=534441 26 
0 28825334 8016615 4809969
0 534441 534441
0 2672205 0 534441
cob=(3)
cfi=(158)
cfn=(588)
calls=534441 26 
0 28825334 8016615 4809969
0 534441 534441
0 3206646 534441 1068882 1 0 0 1
cob=(3)
cfi=(158)
cfn=(588)
calls=534441 26 
0 28825334 8016615 4809969
0 534441 534441
0 2672205 0 534441
cob=(3)
cfi=(158)
cfn=(588)
calls=534441 26 
0 28825334 8016615 4809969
0 534441 534441
0 4280743 536527 535484 1 0 0 1

ob=(2) ???
fl=(48) ???
fn=(444) 0x0000000004891630
0 36 18 0 1 0 0 1
cob=(1)
cfi=(10) /usr/src/debug/glibc-2.34-25.fc35.x86_64/elf/dl-tunables.c
cfn=(24) __tunable_get_val
calls=18 403 
0 370 72 18 0 25 0 0 7

fn=(160) 0x0000000004002050
0 6 3 0 1 0 0 1
cob=(1)
cfi=(49) /usr/src/debug/glibc-2.34-25.fc35.x86_64/elf/dl-error-skeleton.c
cfn=(162) _dl_catch_exception
calls=3 175 
0 8261 1580 901 182 97 109 182 97 109

fn=(156) 0x0000000004002080
0 2 1 0 1 0 0 1
cob=(1)
cfi=(49)
cfn=(158) _dl_catch_error
calls=1 225 
0 2740 603 300 117 37 31 117 37 31

fn=(474) 0x00000000048915d0
0 2 1 0 1 0 0 1
cob=(3)
cfi=(139) /usr/src/debug/glibc-2.34-25.fc35.x86_64/string/../sysdeps/x86_64/multiarch/strrchr-avx2.S
cfn=(476) __strrchr_avx2
calls=1 46 
0 46 3 0 7 2 0 7

fn=(492) 0x0000000000401000
0 7 2 0 1 0 0 1

fn=(460) 0x0000000004839000
0 7 2 0 1 0 0 1

ob=(1)
fl=(38) /usr/src/debug/glibc-2.34-25.fc35.x86_64/elf/../sysdeps/x86_64/dl-hwcaps-subdirs.c
fn=(114) _dl_hwcaps_subdirs_active
29 1 0 0 1 0 0 1
fi=(18) /usr/src/debug/glibc-2.34-25.fc35.x86_64/elf/../sysdeps/x86/get-isa-level.h
+2 1 1
fe=(38)
+7 1
fi=(18)
-7 2
-1 2
fe=(38)
+22 1 1
fi=(18)
-20 3 1 0 1 0 0 1
+4 1
fe=(38)
+2 1
fi=(18)
-2 2
+3 4 1
+1 4 1
+5 1
fe=(38)
-7 1
fi=(18)
+7 3 0 0 1 0 0 1
fe=(38)
-2 1
fi=(18)
+5 2
+1 3 1
+2 4
+1 2
+1 2
+6 1 0 0 1 0 0 1
fe=(38)
-11 1
fi=(18)
+11 1
-3 2
fe=(38)

fl=(51) /usr/src/debug/glibc-2.34-25.fc35.x86_64/elf/dl-misc.c
fn=(218) _dl_sysdep_read_whole_file
36 2 0 1 1 0 0 1
+3 1
-3 6 0 3
+3 1
-3 1
+3 1 0 1 0 0 1 0 0 1
cfi=(53) /usr/src/debug/glibc-2.34-25.fc35.x86_64/io/../sysdeps/unix/sysv/linux/open64_nocancel.c
cfn=(180) __open_nocancel
calls=1 -5 
* 19 1 1
+1 2
+23 7 5
-21 4 0 1 1 0 0 1
cfi=(56) /usr/src/debug/glibc-2.34-25.fc35.x86_64/io/../sysdeps/unix/sysv/linux/fstat64.c
cfn=(192) fstat
calls=1 -13 
* 15 1
* 2
+2 2 1 1 0 1 0 0 1
+3 2
+13 2 0 1
cfi=(61) /usr/src/debug/glibc-2.34-25.fc35.x86_64/io/../sysdeps/unix/sysv/linux/close_nocancel.c
cfn=(206) __GI___close_nocancel
calls=1 -35 
* 6 1
* 1
-11 6 0 1
cfi=(58) /usr/src/debug/glibc-2.34-25.fc35.x86_64/misc/../sysdeps/unix/sysv/linux/mmap64.c
cfn=(196) mmap
calls=1 -1 
* 9 1
* 2

fn=(170) _dl_name_match_p
68 84 0 28 1 0 0 1
+1 28 14 14 0 0 2 0 0 2
cfi=(31) /usr/src/debug/glibc-2.34-25.fc35.x86_64/string/../sysdeps/x86_64/strcmp.S
cfn=(94) strcmp
calls=14 +42 
* 485 92 0 2 1 0 2 1
* 28
+3 14 14
+2 28
+6 15 15
-6 30
+1 54 18 18 1 0 0 1
cfi=(31)
cfn=(94)
calls=18 +36 
* 697 127 0 5 0 0 5
* 36
+8 3
-13 3
+13 20 9
-1 11
+1 33 33

fl=(2) /usr/src/debug/glibc-2.34-25.fc35.x86_64/elf/rtld.c
fn=(248) version_check_doit
687 3 0 1 1 0 0 1
+2 4 2 1 1 0 0 1
cfi=(71) /usr/src/debug/glibc-2.34-25.fc35.x86_64/elf/dl-version.c
cfn=(250) _dl_check_all_versions
calls=1 362 
* 3586 1043 293 32 33 20 32 31 20
* 2
+4 2 2

fn=(144) audit_list_add_dynamic_tag
219 6 2 0 1 1 0 1 1
+1 8 6 0 1 0 0 1
+1 4
-10 2 2

fn=(150) handle_preload_list
885 10 0 7 2 0 1 2 0 1
+5 5 1
-4 2
+10 2
+7 1
178 1 1
905 2 1
178 2
907 2 1
+1 4 0 1
cfn=(154) do_preload
calls=1 -88 
* 2770 611 308 121 37 31 121 37 31
* 1
-18 2 1
+3 3 0 1 1 0 0 1
cfi=(47) /usr/src/debug/glibc-2.34-25.fc35.x86_64/string/../sysdeps/x86_64/strcspn.S
cfn=(152) strcspn
calls=1 28 
* 233 108 34 3 2 4 3 2 4
* 1
+1 3 0 0 1 0 0 1
+2 4 0 2
cfi=(28) /usr/src/debug/glibc-2.34-25.fc35.x86_64/string/../sysdeps/x86_64/multiarch/memmove-vec-unaligned-erms.S
cfn=(82) memcpy
calls=1 193 
* 19 5 4 2 0 1 2 0 1
+1 3 1 1
+14 9 7

fn=(166) map_doit
654 2 0 1 1 0 0 1
+2 1 1
-2 1
+2 1
+1 2 2
-1 2
+1 3 0 1 1 0 0 1
cfi=(30) /usr/src/debug/glibc-2.34-25.fc35.x86_64/elf/dl-load.c
cfn=(168) _dl_map_object
calls=1 2038 
* 2640 577 268 106 36 28 106 36 28
* 1 0 1
+2 2 2

fn=(66) dl_main
1154 2 0 1 1 0 0 1
298 1
1154 4 0 2 1 0 0 1
2837 1
1154 1 0 1
2837 1
1154 2 0 2
2706 1
1154 2 0 1 0 0 1 0 0 1
298 1 0 1
1154 3 0 3 1 0 0 1
192 1 0 1 0 0 1 0 0 1
+1 1 0 1
+1 1 0 1
+97 1 0 1
+1 1 0 1
+1 1 0 1 1 0 0 1
+1 1 0 1
+1 1 0 1
+1 1 0 1
+1 1 0 1
1168 1 0 1 0 0 1 0 0 1
cfi=(24) /usr/src/debug/glibc-2.34-25.fc35.x86_64/elf/../sysdeps/nptl/dl-tls_init_tp.c
cfn=(68) __tls_pre_init_tp
calls=1 48 
* 14 1 8 2 0 1 2 0 1
2685 1 1
+6 2 1 1
-6 1 0 1 1 0 0 1
+6 4
-4 1
+4 1 0 1 0 0 1 0 0 1
+2 3 0 1
cfi=(25) /usr/src/debug/glibc-2.34-25.fc35.x86_64/elf/dl-environ.c
cfn=(70) _dl_next_ld_env_entry
calls=1 28 
* 331 113 1 2 0 0 2
* 2 0 1
cfi=(25)
cfn=(70)
calls=1 28 
* 7 3
* 6
+4 3 1
-2 1
+2 3
+1 1 0 0 1 0 0 1
-1 3 1
+1 6
-1 32 6
+9 6 1 0 0 1 0 0 1
2853 4 1 0 1 0 0 1
+32 2
1184 1 1
+1 2 1
-1 2 1 1
+1 2 1 0 1 0 0 1
2727 2 1 0 1 0 0 1
+7 2 1
1461 9 0 2 1 0 0 1
cfi=(26) /usr/src/debug/glibc-2.34-25.fc35.x86_64/elf/dl-object.c
cfn=(72) _dl_new_object
calls=1 59 
* 291 28 52 18 4 13 18 4 13
* 1 0 1
+2 2 0 0 1 0 0 1
+1 2 2
+6 1
-6 1 0 1
+1 1 1
+5 1
-5 1 0 1
+1 3 2 1
+4 1 0 1 1 0 0 1
cfi=(26)
cfn=(86) _dl_add_to_namespace_list
calls=1 31 
* 36 9 8 2 0 0 2
+1 2 1
1162 1 0 1
1500 1 1
-8 1 1
+8 1
-3 1 0 1
-5 1 0 1
+8 2 1 0 1 0 0 1
-7 1 0 1
+2 1 0 1 0 0 1 0 0 1
+5 4
+57 1 1
1159 1 0 1
1501 1 0 0 1 0 0 1
+19 1
+22 1
+15 2
-56 116 22 0 0 7 0 0 7
+96 2 1 1
+1 2 1 1 0 1 0 0 1
-98 27 0 0 1 0 0 1
fi=(29) /usr/src/debug/glibc-2.34-25.fc35.x86_64/elf/../sysdeps/x86/dl-prop.h
104 3 1 1
fe=(2)
1604 22
+6 4 0 1
cfi=(30)
cfn=(92) _dl_process_pt_gnu_property
calls=1 866 
* 20 8 0 2 1 0 2 1
-7 26 13
+1 13 13 0 1 0 0 1
+6 13
-6 26
fi=(29)
203 4 4
+1 2 2
95 8 4 0 1 0 0 1
+9 2
+99 1
-99 1
-2 1
-2 1
+1 1 0 1
+3 3 0 1
+81 4
-1 1
-80 3
+3 3 1 0 1 0 0 1
+1 2 1
+1 2 1
+4 3 1 0 1 0 0 1
+4 3 0 1
+3 3 1
+1 2
+4 1
+1 3
+23 2
+10 1 1
-1 2
-28 2 1 0 1 0 0 1
+1 1 1
+3 2 0 0 1 0 0 1
+3 1
+1 4
+5 4
fe=(2)
1505 1 1 0 1 0 0 1
-5 1 0 0 1 0 0 1
+5 2 1 1
-5 2
+30 1 1
-9 1 1
+27 1 0 1
-27 1 1 0 0 1 0 0 1
+2 1 0 1
-3 1 0 1
+10 2 0 0 1 0 0 1
-20 2 2 0 1 0 0 1
-10 1
+10 1 0 1
+1 9 2 1
-11 2
+57 4 4 0 1 1 0 1 1
-1 4 4
+1 8
-1 4
+2 8 4
+1 1 0 1
+3 2 1
+1 2 1 0 1 0 0 1
-1 6 3 0 0 3 0 0 3
+1 6 3
+1 4 0 4
+1 10 5
-65 1
+66 1 0 1
-66 2
+93 1 1 0 1 0 0 1
-93 1
+93 1 0 1 0 0 1 0 0 1
-93 2
1619 3 3
+2 1 1
-5 3 1 0 1 1 0 1 1
+3 2
+2 2
+2 2 1 0 1 0 0 1
+13 3 1
+2 1
-1 1 1
+1 2 2
+1 2 2
-2 1 1 0 1 0 0 1
+2 1 1
-2 2 0 1
cfi=(31)
cfn=(94)
calls=1 111 
* 25 7 0 3 1 0 3 1
* 2
+7 1 0 1
+3 1 1
-5 1 0 1
+3 1 0 1 0 0 1 0 0 1
+2 1
+1 2 0 1 1 0 0 1
+4 2 1
+2 2 1
fi=(3) /usr/src/debug/glibc-2.34-25.fc35.x86_64/elf/get-dynamic-info.h
40 4 2
+4 1
+2 3 1 0 1 1 0 1 1
+9 1
+5 1
+3 1
+2 1
-3 1
-3 1
-3 11
+13 3 0 3 0 0 2 0 0 2
-23 12 3 0 0 1 0 0 1
+23 20 0 20 0 0 4 0 0 4
-23 80 20 0 0 5 0 0 5
+4 46 0 0 1 0 0 1
+5 16
+2 5
+16 4 2 0 1 0 0 1
+25 4 2
+5 2 1
+7 3 2
+1 3 2 0 1 0 0 1
+18 4 2
+14 4 2 0 1 0 0 1
+20 3 2 0 1 0 0 1
fe=(2)
1662 4 2 0 1 0 0 1
+7 2 1 1 1 0 0 1
cfi=(8) /usr/src/debug/glibc-2.34-25.fc35.x86_64/elf/dl-setup_hash.c
cfn=(14) _dl_setup_hash
calls=1 25 
* 27 8 6 0 1 0 0 1
+3 2 1
fi=(32) /usr/src/debug/glibc-2.34-25.fc35.x86_64/elf/./setup-vdso.h
24 2 1 0 0 1 0 0 1
fi=(34) /usr/src/debug/glibc-2.34-25.fc35.x86_64/elf/../sysdeps/unix/sysv/linux/dl-vdso-setup.h
+21 1 0 1 1 0 0 1
fe=(2)
1697 1 0 1
cfi=(13) /usr/src/debug/glibc-2.34-25.fc35.x86_64/elf/../sysdeps/unix/sysv/linux/dl-sysdep.c
cfn=(104) _dl_discover_osversion
calls=1 46 
* 100 14 4 5 1 1 5 1 1
* 8 1 1 1 0 0 1
fi=(36) /usr/src/debug/glibc-2.34-25.fc35.x86_64/elf/./dl-main.h
109 5 4 1
cfi=(30)
cfn=(110) _dl_init_paths
calls=1 704 
* 2217 419 356 65 5 15 65 5 15
fe=(2)
1705 3 1 1
cfi=(45) /usr/src/debug/glibc-2.34-25.fc35.x86_64/elf/dl-debug.c
cfn=(142) _dl_debug_initialize
calls=1 46 
* 18 4 4 2 0 0 2
+7 1 1 0 1 0 0 1
-7 1 0 1
+2 1 0 1
+5 1
+4 1 1
+1 1
+2 1 0 1
-3 3 0 1
+1 2 1 1 1 0 0 1
+3 1 0 1
+5 1 1
-7 1 0 1
+7 1
+1 3 1 1
+17 2 1 0 0 1 0 0 1
+1 2 1 0 1 0 0 1
+5 1 1
-3 2 1
+2 1 0 1
+1 2 0 1
+5 3
+1 5 1 0 0 1 0 0 1
-1 2 0 0 1 0 0 1
+13 6 1 1 1 0 0 1
cfn=(144)
calls=1 219 
* 10 5 0 2 1 0 2 1
+1 4 0 1
cfn=(144)
calls=1 219 
* 10 5
+4 2 1
+5 2 1
fi=(29)
190 5 2 0 1 0 0 1
+2 1 1
+1 1 0 1
+1 1 0 1
-2 3 0 1
+2 1
fe=(2)
1757 1 1 0 0 1 0 0 1
+6 1 1 0 0 1 0 0 1
-6 1 0 1 0 0 1 0 0 1
+1 2 1 1
+5 1
fi=(3)
60 4 0 0 1 0 0 1
+3 4
+2 4
fe=(2)
1801 1 0 1 1 0 0 1
cfi=(46) /usr/src/debug/glibc-2.34-25.fc35.x86_64/elf/../elf/dl-tls.c
cfn=(146) _dl_count_modids
calls=1 197 
* 6 3 0 2 0 0 2
* 1 0 1
+8 4 2
+3 2 1 1
+4 3 1
+5 2 1 1 1 0 0 1
+1 1 0 1
cfi=(45)
cfn=(148) _dl_debug_state
calls=1 73 
* 2 1 0 1 0 0 1
+1 2
+4 3 1
+16 3 2
+2 1 0 0 1 0 0 1
+2 2 1
+9 2 1
+16 4 0 1
cfi=(62) /usr/src/debug/glibc-2.34-25.fc35.x86_64/io/../sysdeps/unix/sysv/linux/access.c
cfn=(208) access
calls=1 25 
* 9 1 1 1 0 0 1
* 2
+76 4 2 0 1 0 0 1
72 1
1968 3 1
72 3
1968 5 1 1
cfi=(63) /usr/src/debug/glibc-2.34-25.fc35.x86_64/elf/dl-deps.c
cfn=(210) _dl_map_object_deps
calls=1 159 
* 7045 1297 812 116 63 87 115 63 87
79 1
1974 1 1
79 2
+9 2 0 1 1 0 0 1
1974 2
+1 5 2 1
-1 4
+1 6 3 3
-1 12
+4 4 3 1 1 0 0 1
+1 3 1
+1 1 0 1
+2 2
+1 5 2
-1 9 0 0 1 0 0 1
+1 9 3
+12 3 1 1
+1 2
+2 1
+2 3
+2 1 1 0 1 0 0 1
-4 1 0 1
+5 1 1
-1 2
+14 2
+1 2 0 1 1 0 0 1
+1 3 1
+11 2
+2 1
-2 1
+2 2 0 0 1 0 0 1
-2 1 0 1 0 0 1 0 0 1
+1 2
+1 1
-1 2 0 1
+1 1 0 1
cfi=(49)
cfn=(246) _dl_receive_error
calls=1 238 
* 3614 1052 302 35 33 20 35 31 20
+10 2 1 1
+1 2
+3 2 0 0 1 0 0 1
853 1 1
fi=(159) /usr/src/debug/glibc-2.34-25.fc35.x86_64/elf/../sysdeps/unix/sysv/linux/dl-osinfo.h
64 2 1
fe=(2)
855 1 0 1
+6 1 1
+3 1 0 1
+7 1 0 1
-5 1 0 1
2050 3 1 0 1 0 0 1
2280 4 2
1776 2
fi=(33) /usr/src/debug/glibc-2.34-25.fc35.x86_64/elf/../sysdeps/unix/sysv/linux/dl-vdso.h
40 1 1 0 1 0 0 1
+1 2
fe=(2)
2329 1 1 0 1 0 0 1
1161 1
2336 2 1
+4 1 1
-4 1 0 1
+10 1 1
-6 1 0 1
+6 1 0 1 1 0 0 1
-6 1 0 1
+9 2
+8 2 2
fi=(29)
36 2 2
+1 3
+3 1 1
+13 1 1
-13 9 4 0 1 0 0 1
+9 6 3
-9 1 1
+9 20 4
+4 15 3
-16 12 0 0 1 0 0 1
+34 4 1 1
cfi=(73) /usr/src/debug/glibc-2.34-25.fc35.x86_64/elf/../sysdeps/x86/dl-cet.c
cfn=(268) _dl_cet_check
calls=1 252 
* 31 9 6 4 1 0 4 1
fe=(2)
2359 2
+51 3 1 0 1 0 0 1
+3 1 0 1
72 4 0 1 1 0 0 1
2417 2 2
+1 16 1 1
+2 8 8 0 1 2 0 1
+5 8 8 0 0 2
+2 8
+8 4
-2 4 0 4
+2 8
+1 24 6 3 0 2
cfi=(74) /usr/src/debug/glibc-2.34-25.fc35.x86_64/elf/dl-reloc.c
cfn=(272) _dl_relocate_object
calls=3 168 
* 78512 20837 8376 186 992 263 184 899 247
+4 10 5 0 1 2 0 1
+1 2
-23 1
+23 1 0 1
cfi=(46)
cfn=(412) _dl_add_to_slotinfo
calls=1 1004 
* 28 9 6 3 1 1 3
-23 3 1 0 1 1 0 1
79 3
+1 1 1 0 0 1
2449 1 1
80 1 0 1
2449 1
+5 4 2 0 1 0 0 1
+2 1 0 1
+7 2 0 1
cfi=(46)
cfn=(414) _dl_allocate_tls_init
calls=1 524 
* 133 35 27 8 4 3 7 0 3
+3 2 1
fi=(34)
30 3 0 2 1 0 0 1
+3 1 0 1 1 0 0 1
+3 1 0 1
+3 1 0 1
fi=(33)
+16 2
fe=(2)
2429 1 0 1 1 0 0 1
+1 1 1
-3 2
+49 3 2 0 1 1 0 1
+2 4 1
+12 3 1 1
cfi=(7) /usr/src/debug/glibc-2.34-25.fc35.x86_64/elf/dl-minimal.c
cfn=(416) __rtld_malloc_init_real
calls=1 89 
* 2356 670 325 10 3 0 10 2
+3 1 0 1
cfi=(126) /usr/src/debug/glibc-2.34-25.fc35.x86_64/elf/../sysdeps/nptl/dl-mutex.c
cfn=(424) __rtld_mutex_init
calls=1 30 
* 488 123 41 10 10 0 10 7
72 1
2499 1 0 1
+1 3 1 0 1 0 0 1
72 3
2500 2 0 1
cfi=(74)
cfn=(272)
calls=1 168 
* 3837 1031 431 3 33 1 3 14
79 3
+9 2 0 1
2508 3 1 1
cfi=(128) /usr/src/debug/glibc-2.34-25.fc35.x86_64/elf/dl-call-libc-early-init.c
cfn=(432) _dl_call_libc_early_init
calls=1 27 
* 512 123 52 15 21 4 15 10 4
+7 1 0 1
cfi=(9) /usr/src/debug/glibc-2.34-25.fc35.x86_64/elf/../elf/dl-sysdep.c
cfn=(448) _dl_sysdep_start_cleanup
calls=1 270 
* 2 1 0 1 0 0 1
+4 3 1 0 1 0 0 1
+21 3 0 1
cfi=(45)
cfn=(142)
calls=1 46 
* 9 3 0 2 1
+1 1 0 1
-1 1
+2 1 0 1
cfi=(45)
cfn=(148)
calls=1 73 
* 2 1 0 1
+1 1
+4 1 0 1
cfi=(64) /usr/src/debug/glibc-2.34-25.fc35.x86_64/elf/dl-cache.c
cfn=(450) _dl_unload_cache
calls=1 527 
* 18 4 3 3 1 0 2
+5 8 7 0 0 1
1715 4 2 1 1 0 0 1
1993 2 0 1 1 0 0 1
+50 2 0 1 1 0 0 1
cfn=(254) init_tls
calls=1 747 
* 782 92 395 23 6 42 23 3 42
* 2
2734 4 2 0 1 0 0 1
+2 2 0 1 1 0 0 1
+1 1
1952 10 0 0 1 0 0 1
72 1 0 0 1 0 0 1
1851 2 2
72 3
1851 2 0 1
cfn=(150)
calls=1 885 
* 3079 737 358 130 39 37 130 39 37
* 1
79 3
+9 3 0 1 1 0 0 1
1952 6 0 1 1 0 0 1
+1 1
-1 1
+4 3 0 1 1 0 0 1
+1 1 1
+1 2
+1 2
-7 2
fi=(29)
162 2 0 1 1 0 0 1
-32 2
fe=(2)

fn=(154)
820 1 0 1 1 0 0 1
+12 1
-12 5 0 2 1 0 0 1
+10 1 1
-4 1 0 1
+6 2
-5 1 0 1
+5 2
-10 1 0 1
+6 1 0 1
+4 1 0 1
cob=(2)
cfi=(48)
cfn=(156)
calls=1 0 
* 2742 604 300 118 37 31 118 37 31
+1 3 1 0 1 0 0 1
+8 3 1
+6 5 4

fn=(2) _dl_start
507 10 0 6 1 0 1 1 0 1
72 1
552 1 0 1 1 0 1 1 0 1
72 2
fi=(6) /usr/src/debug/glibc-2.34-25.fc35.x86_64/elf/../sysdeps/x86_64/dl-machine.h
-14 1
fe=(2)
+14 1 0 1 0 0 1 0 0 1
fi=(3)
-26 1 1 0 0 1 0 0 1
fi=(6)
+12 2 1 0 0 1 0 0 1
fe=(2)
551 1 0 1 0 0 1 0 0 1
-3 1 0 1 0 0 1 0 0 1
fi=(3)
46 2
+9 1 0 0 1 0 0 1
+5 1
+3 1
+2 1
+4 1
-7 1
-3 1
-3 17
+13 5 0 5 0 0 2 0 0 2
-23 20 5
+23 15 0 15 0 0 5 0 0 5
-23 60 15 0 0 5 0 0 5
+4 40 0 0 1 0 0 1
+5 24
+2 5
+3 4 0 0 1 0 0 1
+13 4 1
+25 3 1
+5 2 1 0 1 0 0 1
+7 3 1
+1 3 2
+8 5 2
+3 5 2 0 1 0 0 1
+4 2 1
+1 2 1
fe=(2)
563 2
+7 1 0 1 1 0 0 1
+13 1 0 1 0 0 1 0 0 1
cfi=(7)
cfn=(12) __rtld_malloc_init_stubs
calls=1 55 
* 10 1 4 2 0 1 2 0 1
72 1
474 2
72 3 0 1
474 1 0 1
cfi=(8)
cfn=(14)
calls=1 25 
* 27 8 6 2 1 1 2 1 1
+2 1
+17 2 0 0 1 0 0 1
-17 1 0 1 0 0 1 0 0 1
+1 2 0 1
+1 1
-3 1 0 1
+3 1 0 1
+9 1 0 1
+6 1 0 1
cfi=(9)
cfn=(16) _dl_sysdep_start
calls=1 88 
* 139754 32796 12308 877 1361 523 869 1208 505
* 1 0 0 1
+2 2 1 0 1
598 9 7 0 0 2
fi=(4) /usr/src/debug/glibc-2.34-25.fc35.x86_64/elf/../sysdeps/generic/ldsodefs.h
79 1 1 0 1 0 0 1
fi=(6)
-4 1 1
fi=(4)
+4 1
fe=(2)
568 10 4 0 1 0 0 1
fi=(5) /usr/src/debug/glibc-2.34-25.fc35.x86_64/elf/do-rel.h
46 1
fe=(2)
568 3
fi=(5)
86 3 1
fe=(2)
568 6 1 0 1 0 0 1
fi=(5)
47 1
fe=(2)
568 3 2
fi=(5)
47 1
fe=(2)
568 1
fi=(5)
47 2
+37 5 2
+27 3
+1 2 1 0 1 1 0 1 1
fi=(6)
542 2 1
fi=(5)
112 280 140 0 0 17 0 0 17
fi=(6)
542 280 140 0 0 18 0 0 18
+1 141 141 0 0 17 0 0 17
fi=(5)
111 141
fi=(6)
543 282 0 141 0 0 18 0 0 18
fi=(5)
111 282
+5 2 1
fi=(6)
422 1
fi=(5)
124 2
fi=(6)
334 10
fi=(5)
124 18
+12 6 6 0 1 2 0 1 2
+3 6 6
-3 6
fi=(6)
296 6
fi=(5)
139 6
-3 6
+1 12
fi=(6)
296 12 0 0 1 0 0 1
+8 60 24 0 0 6 0 0 6
+3 12
+27 28
fi=(3)
63 4 0 0 1 0 0 1
+2 4 0 0 1 0 0 1
+18 4 1 1
+1 4 1 1
+1 4 1 1
+1 4 1 1 1 0 0 1
+2 4 1 1
+5 4 1 1
+1 4 1 1
+1 5 1 1 1 0 0 1
fi=(6)
334 2
+20 10 5 5 1 1 0 1 1
+1 5
fe=(2)

fn=(254)
747 3 0 2 1 0 0 1
+2 1 1
+4 1 1
-4 1 0 1
+4 2 0 0 1 0 0 1
+11 1
fi=(27) /usr/src/debug/glibc-2.34-25.fc35.x86_64/elf/../include/rtld-malloc.h
44 1
fe=(2)
759 1
+4 1
fi=(27)
44 1 1 1
cfi=(7)
cfn=(74) rtld_calloc
calls=1 171 
* 36 6 5
fe=(2)
774 1 1 0 0 1 0 0 1
-12 1 0 1
+6 1
-9 1 0 1
+11 1 0 1
+4 1 0 0 1 0 0 1
+2 3 1
-1 2
+3 8 4
+4 1
+2 1
-2 2 0 1 0 0 1 0 0 1
-5 1 1
-1 2
+1 3 3
-1 6
+10 3 1 0 1 0 0 1
+3 2 0 1
cfi=(46)
cfn=(256) _dl_tls_static_surplus_init
calls=1 97 
* 79 14 9 2 2 0 2 1
+3 1 0 1
cfi=(46)
cfn=(258) _dl_determine_tlsoffset
calls=1 221 
* 74 17 11 5 0 0 5
+7 1 0 1
cfi=(46)
cfn=(260) _dl_allocate_tls_storage
calls=1 422 
* 456 26 336 6 0 41 6 0 41
* 1
+1 2
+6 1 1
+3 2
-3 1 0 1
+3 6 0 2 1 0 0 1
+3 1 0 1
cfi=(24)
cfn=(264) __tls_init_tp
calls=1 63 
* 62 11 18 5 3 0 5 1
+1 1 0 1
+3 5 3

fl=(56)
fn=(192)
29 6 0 0 1 0 0 1
+1 6
+5 9 0 0 1 0 0 1
cfi=(57) /usr/src/debug/glibc-2.34-25.fc35.x86_64/io/../sysdeps/unix/sysv/linux/fstatat64.c
cfn=(194) fstatat
calls=3 149 
* 24 3 0 1 0 0 1

fl=(1) ???
fn=(0) 0x000000000001c6a0
0 2 0 1 1 0 1 1 0 1
cfi=(2)
cfn=(2)
calls=1 507 
0 141777 33332 12512 903 1433 557 893 1278 539
0 14 3 2 2 1 0 1
cfi=(135) /usr/src/debug/glibc-2.34-25.fc35.x86_64/elf/dl-init.c
cfn=(456) _dl_init
calls=1 77 
0 401 122 54 26 18 3 26 1 1
0 3
cob=(5)
cfi=(141)
cfn=(482)
calls=1 0 
0 260022405 70552272 44896181 120 58 133665 120 26 133654

fl=(26)
fn=(72)
59 33 0 21 1 0 2 1 0 2
+3 3 0 0 1 0 0 1
-3 6 0 6 0 0 1 0 0 1
+3 6 0 3
+15 2 2
+3 6 0 2
cfi=(22) /usr/src/debug/glibc-2.34-25.fc35.x86_64/string/../sysdeps/x86_64/multiarch/strlen-vec.S
cfn=(62) strlen
calls=2 -39 
* 52 7
+4 2
-4 4
+4 2
+5 4 0 2
fi=(27)
-45 6 2 4
cfi=(7)
cfn=(74)
calls=2 171 
* 100 15 12 1 0 0 1
fe=(26)
+45 1 0 1 1 0 0 1
fi=(27)
-45 3 1 2 0 0 1 0 0 1
cfi=(7)
cfn=(74)
calls=1 171 
* 43 7 6 4 1 0 4 1
* 3
fe=(26)
+48 6
+4 3 3
-1 3 0 3 0 0 2 0 0 2
+6 3
-5 3
+5 3 3
-5 3 0 3 1 0 3 1 0 3
+4 3
+1 3
-1 3 0 3 0 0 1 0 0 1
+1 6 0 6
cfi=(28)
cfn=(82)
calls=3 +92 
* 44 10 7 2 1 3 2 1 3
* 3 3
+15 3 3
-15 3 0 3 0 0 1 0 0 1
+2 3 0 3
+13 14 5
+6 1 0 0 1 0 0 1
+2 7 2 2 0 1 0 0 1
+3 2 1
-3 14 4 4 0 2 0 0 2
+3 4 2
+2 3 0 3
+4 3 0 3
+3 14 0 0 1 0 0 1
fi=(4)
1367 3
fe=(26)
136 2
+2 1 0 1 0 0 1 0 0 1
-2 2 0 0 1 0 0 1
fi=(4)
1367 45
fe=(26)
136 30
+2 15 0 15 0 0 3 0 0 3
-2 30
+16 3
-6 3
+1 3 0 3 0 0 3 0 0 3
+5 6
-6 3 0 3
+6 9 3 0 0 1 0 0 1
+2 4 0 2 0 0 1 0 0 1
+3 4
-3 4
+7 8 2
+4 4
+8 2 0 1 1 0 0 1
+13 1 1
-10 2 0 1 1 0 1 1 0 1
+10 5 3
-10 4 0 2
+10 6 2
+2 2 0 2
cfi=(22)
cfn=(62)
calls=2 41 
* 70 10
+21 2
-21 6 0 2
+17 2
-13 6
+50 6 4 2 1 0 0 1
cfi=(28)
cfn=(136) mempcpy
calls=2 -62 
* 34 8 6 0 0 2 0 0 2
+5 84
+1 84 42
+2 4
+3 2 0 2
+3 2 0 2 0 0 1 0 0 1
+4 27 21
128 6 0 3 1 0 3 1 0 3
+22 1 0 0 1 0 0 1
+7 4
+8 8 2
fi=(27)
56 4 2 2 1 0 0 1
cfi=(7)
cfn=(78) rtld_malloc
calls=2 +72 
* 50 10 10
* 2
fe=(26)
197 8
64 2 0 0 1 0 0 1
+1 6
+9 1
-5 2

fn=(86)
31 6 0 3 1 0 0 1
+2 3
-2 6 0 3
+2 3
-2 6 0 3
+2 3 3 3
cfi=(24)
cfn=(88) rtld_mutex_dummy
calls=3 +8 
* 9 3
+2 23 3
+3 20 5
+2 2 0 2
+2 2 0 2
+4 2
+4 2
-4 4 0 2
+1 2 2
+4 2 2
-4 2 0 2
+1 2
+3 2 2
-3 2 0 2
+3 2 2
-1 2 2
cfi=(24)
cfn=(88)
calls=2 -9 
* 6 2
-4 1 0 0 1 0 0 1
+4 1
-4 2 0 1
+1 1 1
+4 1 1
-4 1 0 1
+1 1
+3 1 1
-3 1 0 1
+3 1 1
-1 1 1
cfi=(24)
cfn=(88)
calls=1 -9 
* 3 1
-5 2 0 1

fl=(42) /usr/src/debug/glibc-2.34-25.fc35.x86_64/string/../sysdeps/x86_64/memcmp.S
fn=(128) bcmp
23 1 0 0 1 0 0 1
+5 1
+1 1
+1 1
+1 1
+1 1
+1 1
+1 1
+1 1
+3 1
+1 1
+1 1 1
+1 1 1
+1 1
+1 1 0 0 1 0 0 1
+1 1
+1 1
+1 1
+2 1
+1 1
+9 1
+1 1
+9 1 0 0 1 0 0 1
+1 1
+1 1 1
+1 1 1
+1 1
+1 1
+29 1 0 0 1 0 0 1
+1 1
+1 1
+1 1
+1 1
+1 1
+1 1
+1 1
+1 1
+1 1
+1 1
+1 1
+1 1 1

fl=(25)
fn=(70)
28 2 0 0 1 0 0 1
+1 2 2
+3 58 53
+13 51
-13 102
+2 104 52 0 1 0 0 1
+1 14 7
+5 1
-3 1
+3 1 0 1
+2 1 1
+7 1 1

fl=(44) /usr/src/debug/glibc-2.34-25.fc35.x86_64/string/../sysdeps/x86_64/multiarch/memset-vec-unaligned-erms.S
fn=(140) memset
105 5 0 0 1 0 0 1
+1 25
+6 5
+1 5 0 0 1 0 0 1
+1 4
+1 4
+71 4 0 4 0 0 2 0 0 2
+1 4 0 4 0 0 1 0 0 1
+1 4
+1 4
+1 2 0 2
+1 2 0 2
+5 2 2
+4 2 0 2 1 0 0 1
+1 2 0 2 0 0 1 0 0 1
+1 2
+1 2
+1 1
+1 1
+1 2
+3 1 0 1
+1 1 0 1
+1 1 0 1
+1 1 0 1
+1 1
+1 1
+1 1
-6 41 0 41 0 0 41 0 0 41
+1 41 0 41
+1 41 0 41
+1 41 0 41
+1 41
+1 41
+1 41
+4 2 0 2 1 0 2 0 0 2
+1 2 0 2
+1 2 0 2
+1 2 0 2
+1 2 2
+41 1 0 0 1 0 0 1
+1 1
+1 1
+25 1 0 1 0 0 1 0 0 1
+1 1 0 1 1 0 0 1
+1 1 1

fl=(7)
fn=(186) rtld_free
188 2 0 0 1 0 0 1
+2 8 4

fn=(74)
171 8 0 0 1 0 0 1
+4 8
-4 32
+7 8
+1 24
fi=(27)
56 8 8
cfi=(7)
cfn=(78)
calls=8 +72 
* 263 47 45 4 1 0 4 1
fe=(7)

fn=(420) lookup_malloc_symbol
74 8 0 4 1 0 0 1
+3 4
-3 28 0 20
+3 4
-3 4
+3 4 4
-1 4 0 4
+1 16 0 12
cfi=(75) /usr/src/debug/glibc-2.34-25.fc35.x86_64/elf/dl-lookup.c
cfn=(280) _dl_lookup_symbol_x
calls=4 835 
* 2054 595 268 3 2 0 3 1
+4 8 8 0 1 0 0 1
-4 4
+4 20 8
+1 24 12
fi=(125) /usr/src/debug/glibc-2.34-25.fc35.x86_64/elf/./dl-sym-post.h
-41 8
+12 12 4
fe=(7)
+32 36 28 0 1 0 0 1

fn=(12)
55 1 0 0 1 0 0 1
+1 2 0 1 1 0 1 1 0 1
+1 2 0 1
+1 2 0 1
+1 2 0 1
+1 1 1

fn=(78)
128 100 0 40 1 0 1 1 0 1
+1 20 20 0 0 1 0 0 1
+11 20 20
-11 40
+11 40
+3 20
-3 20 0 20 1 0 0 1
+3 112
+18 20 0 20
+1 20 0 20
+2 80 60
-16 8 2 0 1 0 0 1
+1 4
+2 2
+1 14 0 2
cfi=(58)
cfn=(196)
calls=2 48 
* 18 2
* 2
+2 4
+2 4 2
+2 2
+4 2
-4 4 0 2
-23 1 1 0 1 0 0 1
-1 1
+1 1
+1 2
-2 2 0 1

fn=(416)
89 2 0 1 1 0 0 1
+11 1
fi=(124) /usr/src/debug/glibc-2.34-25.fc35.x86_64/elf/../sysdeps/generic/dl-hash.h
-55 1
fe=(7)
+54 1
-10 1 0 1
fi=(124)
-45 1
fe=(7)
+45 5 0 3
+11 1 0 1
-1 1 0 1
fi=(124)
-56 1
+5 3 0 0 1 0 0 1
+14 4
-17 2
+3 15
+14 20
-17 25 5 0 0 1 0 0 1
fe=(7)
+59 2
fi=(124)
-37 1
fe=(7)
+35 1 0 1
+2 2 0 0 1 0 0 1
fi=(124)
-32 1 0 1
fe=(7)
+32 1 0 1
cfn=(420)
calls=1 -30 
* 541 165 77 3 1 0 3
+1 3
-1 1
+1 1 0 1
cfn=(420)
calls=1 -31 
* 564 163 77 3 1 0 3 1
+1 3
-1 1
+1 1 0 1
cfn=(420)
calls=1 -32 
* 591 167 77
+1 3 0 0 1 0 0 1
-1 1
+1 1 0 1
cfn=(420)
calls=1 -33 
* 542 164 77
+5 1 0 1
+1 1 0 1
+1 1 0 1
+1 1 0 1
+1 7 6

fl=(40) /usr/src/debug/glibc-2.34-25.fc35.x86_64/elf/dl-hwcaps_split.c
fn=(126) _dl_hwcaps_contains
66 6 0 0 1 0 0 1
+1 12
+1 6 0 0 1 0 0 1
+9 6 6

fn=(122) _dl_hwcaps_split
25 60 0 30
+1 45 15 0 1 0 0 1
+4 36 12 12
+4 48 12 0 0 1 0 0 1
+1 12 0 6
-1 24 6
+2 24
+5 27 0 9
cfi=(41) /usr/src/debug/glibc-2.34-25.fc35.x86_64/string/../sysdeps/x86_64/multiarch/../strchr.S
cfn=(124) index
calls=9 -18 
* 216 27 0 2 0 0 2
+1 18
+3 12 0 6
+2 6
-1 6
+1 24 18 0 1 0 0 1
-20 6
+20 18 18
-4 6 0 3
cfi=(22)
cfn=(62)
calls=3 -2 
* 51 6
* 3 0 3
+4 3
-1 3
+1 9 9

fn=(120) _dl_hwcaps_split_masked
51 44 0 11 1 0 0 1
+5 9 9
+1 27 0 9
+1 18
-4 28 0 14 0 0 1 0 0 1
cfn=(122)
calls=14 -29 
* 645 119 67 4 1 0 4 1
* 28
+8 10 10
-4 24 18 6
cfn=(126)
calls=6 +8 
* 30 6 0 2 0 0 2
* 12
+4 12 12

fl=(10)
fn=(54) __GI___tunable_set_val
158 5 0 0 1 0 0 1
+1 30
+2 5
cfn=(56) do_tunable_update_val
calls=5 -61 
* 185 35 20 4 0 0 4

fn=(56)
100 5 0 0 1 0 0 1
+3 15 5
+10 5 5 0 1 0 0 1
fi=(160) /usr/src/debug/glibc-2.34-25.fc35.x86_64/elf/./dl-tunable-types.h
-23 5
fe=(10)
+22 5 5
fi=(160)
-22 5
fe=(10)
+23 20 5
+1 25 10
fi=(11) /usr/src/debug/glibc-2.34-25.fc35.x86_64/elf/dl-tunables.h
+7 10
fe=(10)
-8 5
fi=(11)
+18 5
fe=(10)
-18 5
+7 10
fi=(11)
+11 10
fe=(10)
-7 10 0 0 1 0 0 1
+7 10
+1 10
+3 5 0 5 1 0 0 1
+1 5 0 5
+1 5 0 5
+1 10 5 5

fn=(18) __GI___tunables_init
280 9 0 6 1 0 0 1
-9 9 1
72 161 53 0 1 0 0 1
+6 52 52 0 0 25 0 0 25
-3 52
+3 4064 536 0 1 8 0 1 8
-3 52
-3 104
355 8 7
82 104
+5 52
-15 52
fi=(11)
+68 52
fe=(10)
-53 156 0 52 0 0 1 0 0 1
-9 104 0 0 1 0 0 1
fi=(11)
+63 208
fe=(10)
321 208 52
-18 7072
+6 9776 3536 0 1 34 0 1 34
72 468
309 936
fi=(11)
140 468 468
+1 936
-1 88 88
+1 1288
-1 440 88 0 1 0 0 1
fe=(10)

fn=(24)
403 32 0 0 1 0 0 1
+3 224 32 0 0 28 0 0 15
+9 32 32 0 0 4
-9 122 0 0 1 0 0 1
+9 10 0 10
+17 160 32 0 0 3
+2 32 32
-9 22 0 22
+1 22

fl=(46)
fn=(258)
221 8 0 6 1 0 0 1
+6 3 1 0 1 0 0 1
+3 2 1
+36 3 1
+2 1 1
-2 1
-2 1
-40 1
-1 1
-1 1
+46 2 0 1
+23 3
+3 1
-3 4
+2 2
-2 1
-25 1
+20 1 0 1
-20 5 1
+2 2 1 0 1 0 0 1
+3 1 1
-1 1 1
+5 2 1
-5 1
+1 1
-1 1
+3 2
+2 3
+32 2 1 0 1 0 0 1
-1 1 0 1
+53 1 0 1 1 0 0 1
-52 4
+2 2 0 1
+51 8 7

fn=(262) allocate_dtv
365 1 0 1 1 0 0 1
fi=(27)
44 1
fe=(46)
365 3 0 1
+5 1 1 0 1 0 0 1
+4 1
+1 1
fi=(27)
44 1 1 1
cfi=(7)
cfn=(74)
calls=1 171 
* 64 9 7
fe=(46)
376 2
+3 1 0 1 0 0 1 0 0 1
+6 3 0 1
+6 4 3

fn=(146)
197 1 0 0 1 0 0 1
+2 2 1
+1 1 1 0 1 0 0 1
+15 2 1

fn=(234) _dl_assign_tls_modid
131 2 0 0 1 0 0 1
+3 1 1
+13 1 1
-13 1
+52 1
+2 1 0 1 1 0 0 1
+3 1 0 1
+1 2 1

fn=(256)
97 2 0 1 1 0 0 1
+4 1
-4 2 0 1
+4 1
-4 2 0 1
+4 3 0 1
cfi=(10)
cfn=(24)
calls=1 403 
* 21 4 1 0 1
* 1 1
+1 4 0 1 1 0 0 1
cfi=(10)
cfn=(24)
calls=1 403 
* 21 4 1 0 1 0 0 1
* 1
+8 1
-8 1 1
+6 2
+2 3
+3 1
+2 1 0 1
-32 3
+34 3 0 1
+1 5 4

fn=(414)
524 9 0 7 1 0 0 1
+1 2
+4 1 1 0 0 1
+6 1
-6 1 0 1
+6 1 1 1 0 1
cfi=(24)
cfn=(88)
calls=1 41 
* 3 1
+3 3 2 0 1 1 0 1
-7 1 0 1
+19 1 1
-18 2
+23 8 2 0 1 0 0 1
+9 3 1
+1 2
+6 3 2
+1 1
+2 1 1
-2 1
+6 1 1 0 1 0 0 1
-4 2
+4 1
-4 2 1 1
+1 1 0 1
+2 2
+4 2
+1 4 2 0 1 0 0 1
+2 2
+1 1 1
+12 1 1
-12 1
+12 1
-3 1 0 1
+3 1 0 1
cfi=(28)
cfn=(136)
calls=1 180 
* 13 3 2 0 1 1 0 0 1
* 5 0 1
cfi=(44)
cfn=(140)
calls=1 105 
* 23 1 8 1 0 2 0 0 2
+6 1 1
-48 4 1
+6 4 0 0 1 0 0 1
+48 2 1 1
cfi=(24)
cfn=(88)
calls=1 41 
* 3 1
+3 2 1 1
+3 9 8 0 1 0 0 1

fn=(260)
422 5 0 3 1 0 0 1
+2 1 1 0 1 0 0 1
+11 1 1
+1 1
fi=(27)
56 1 1 1
cfi=(7)
cfn=(78)
calls=1 +72 
* 25 5 5
fe=(46)
437 3
+8 4
+1 1
+4 321 0 313 1 0 39 1 0 39
+19 1 0 1 0 0 1 0 0 1
+2 2 0 1
cfn=(262)
calls=1 365 
* 83 14 12 2 0 1 2 0 1
+1 2
+3 5 4 0 1 0 0 1

fn=(412)
1004 8 0 4 1 0 0 1
+6 1 1
+3 1 1 0 0 1
+1 1
+4 3 1 0 1 0 0 1
+34 2
+3 3 0 1 0 0 1
+1 3 1 1 1 0 0 1
+3 6 5

fl=(12) /usr/src/debug/glibc-2.34-25.fc35.x86_64/elf/dl-sort-maps.c
fn=(22) _dl_sort_maps_init
279 2 0 0 1 0 0 1
+1 4 0 1 1 0 0 1
cfi=(10)
cfn=(24)
calls=1 403 
* 20 4 1 2 1 0 2 1
+2 3 1
-1 1 0 1
+2 2 1

fn=(242) _dl_sort_maps
288 10 0 6 1
+8 1 1
-8 1 0 1 1 0 0 1
+8 2
+4 8 7 0 1 0 0 1
-79 2 0 0 2 0 0 2
-37 1
+37 1
-36 4
+1 1 1
-1 1
+1 1 0 1
-1 2
+1 3 3
-1 3
+1 3 0 3
-1 6
+36 15 0 1 1 0 0 1
+8 3 0 0 1 0 0 1
-3 1
+2 1 0 1
+1 1
-8 1
+5 1 0 1
+3 4
+2 9
+2 4 4
-90 20 4 4 1 0 0 1
cfn=(244) dfs_traversal.part.0
calls=4 -3 
* 122 36 28 2 0 0 2
+93 8 4
+18 2 1
+13 1 0 0 1 0 0 1
+33 1
-26 4 0 1 1 0 0 1
cfi=(28)
cfn=(82)
calls=1 -81 
* 11 3 2
* 1

fn=(244)
140 32 0 16 1 0 0 1
+8 4 4
-2 4 0 4
+2 8
+2 8 2
+3 6 3
-3 12 3
+9 8 0 0 1 0 0 1
+15 12 4 4
+1 4 0 4
+1 24 20

fl=(126)
fn=(424)
30 2 0 1 1 0 0 1
+10 3
-10 1 0 1
+10 2
-10 1 0 1
+7 1 1 0 0 1
+3 2 0 1 1 0 0 1
cfi=(127) /usr/src/debug/glibc-2.34-25.fc35.x86_64/elf/dl-lookup-direct.c
cfn=(426) _dl_lookup_direct
calls=1 +34 
* 215 55 17 7 5 0 7 4
+4 2
+1 8 3
+2 3
-2 1 0 1
+2 3 0 1 1 0 0 1
cfi=(127)
cfn=(426)
calls=1 +27 
* 231 57 17 0 4 0 0 3
+4 2
+1 6 3
+1 2 2
-1 1 0 1
+1 2 2

fl=(71)
fn=(252) _dl_check_map_versions
156 32 0 24 2 0 0 2
+15 4 4
-15 8 0 8
+15 8
+2 20 8 4
+2 4 4
+1 4 4 0 1 0 0 1
-1 4 0 4
+1 4 0 4
+2 8
+3 4 4
-16 2
-8 2 0 2
+28 2 2 0 0 2 0 0 2
-4 2 0 2
+4 4
+16 2 2
37 2 0 0 1 0 0 1
201 2 2
37 2 2
201 2 2
37 10 2
+1 5 5
-1 10
+2 21 0 7 1 0 0 1
cfi=(51)
cfn=(170)
calls=7 +29 
* 763 153 29 3 0 0 3
* 14
209 6 2
+5 2 2
-71 4 0 4
+71 6 2
+8 2 2
-2 2 2 0 0 1 0 0 1
-2 4 4
+4 2 0 2 1 0 0 1
-4 12 10
+4 4 4
-2 4 4 0 0 1 0 0 1
-2 8 8
+4 4 0 4
-4 39 26
57 24 18 0 1 0 0 1
+8 18 6
+6 18 6
+16 6 6 0 0 1
+1 12
+2 6 6
+5 54 6 12 1 2 0 1 2
+14 136 68 0 0 5 0 0 5
+12 186 62 0 0 4 0 0 4
+4 62
-30 124 62 0 0 12 0 0 12
225 24 6 0 1 0 0 1
+3 18 6
+5 4
-11 4
111 6 6 0 1 0 0 1
+3 24 6 6
cfi=(31)
cfn=(94)
calls=6 -3 
* 285 48 0 8 4 0 8 4
* 26 2 0 1 0 0 1
237 8 4
+14 4 2 0 1 0 0 1
+3 8 6
+10 40
-7 160 40
+3 120 40
-3 8 2
+3 6 2
+8 6 0 0 1 0 0 1
+6 3
fi=(27)
44 3
fe=(71)
274 3
fi=(27)
44 3 3 3
cfi=(7)
cfn=(74)
calls=3 171 
* 108 18 15
fe=(71)
273 3 0 3
fi=(27)
44 3
fe=(71)
275 6
+13 3 3
-3 3 0 3
+3 12 6 3 1 1 0 1
+2 9 3
+3 8 6
+4 6 2
+18 4
-15 4 4
+2 4
-2 4
+2 4
-2 4
+2 8
-2 2 2 0 1 0 0 1
+2 2
-2 2
+2 2
-2 2
+2 4
+2 6
+1 6
-1 18 6
+1 6 0 6 0 0 3 0 0 3
+1 6 6
-2 6 0 6
+2 12 0 6 1 0 1 1 0 1
+1 18 6 6
+3 18 6
+8 6 2
+10 9 3
+3 8 6
+20 40
-14 84 42
-2 40 40
+6 40 40
+1 40 40
+1 40 40
-1 120
+1 40
-1 40 0 40 0 0 11 0 0 11
+1 40 0 40
+1 40 0 40 0 0 5 0 0 5
+3 126 42
+10 36 32 0 2 0 0 2
165 2 0 0 1 0 0 1
+86 2 2
-94 2 0 2
+94 3

fn=(250)
362 6 0 4 1 0 0 1
+4 5
-2 2
+4 24 4 4
cfn=(252)
calls=4 156 
* 3514 1030 285 30 33 20 30 31 20
-2 4 4 0 1 0 0 1
+2 12
-1 4
-1 8
+5 7 5

fl=(37) /usr/src/debug/glibc-2.34-25.fc35.x86_64/elf/dl-hwcaps.c
fn=(134) copy_hwcaps
74 6 0 4 1 0 0 1
+6 2
-6 4 0 2
fi=(39) /usr/src/debug/glibc-2.34-25.fc35.x86_64/elf/./dl-hwcaps.h
-20 2 0 2
+2 4 0 2
+32 2 0 2
+1 2 0 2
+1 2
fe=(37)
-11 4 4 0 1 0 0 1
+1 4 4
-1 2 0 2 0 0 1 0 0 1
+1 10 0 8 0 0 1 0 0 1
cfi=(28)
cfn=(136)
calls=2 180 
* 26 6 4
+4 2 0 2
+2 2 2
+2 2
-3 2 2
+1 4 0 2
+1 4 0 2
+1 2 0 2
-11 4 0 2
cfi=(40)
cfn=(120)
calls=2 -26 
* 134 27 16
* 4 0 2
cfi=(40)
cfn=(120)
calls=2 -26 
* 169 33 21 0 0 1 0 0 1
* 8
+13 10 8

fn=(112) _dl_important_hwcaps
172 5 0 3 1 0 0 1
+1 1
-1 6 0 4 1 0 0 1
+1 1
-1 1 0 1 0 0 1 0 0 1
+1 1
-1 1 0 1
+1 1
-1 1 0 1
+1 2 0 2 0 0 1 0 0 1
cfi=(10)
cfn=(24)
calls=1 403 
* 21 4 1 0 1 0 0 1
* 1 1 0 1 0 0 1
+2 2 1 1
+1 3 1
+9 2
-9 1 0 1
+8 1 0 1
cfi=(38)
cfn=(114)
calls=1 29 
* 47 6 0 4 0 0 4
fi=(39)
54 1 0 1
fe=(37)
185 1
-1 1 0 1
fi=(39)
56 1 0 1
+32 1 0 1 1 0 0 1
+1 1 0 1
+1 1
fe=(37)
-38 2 0 1
cfi=(40)
cfn=(120)
calls=1 -1 
* 22 6 4 3 0 0 3
* 2
fi=(39)
+2 1
+2 2 1 1 1 0 0 1
-2 1 0 1
+34 2 1 1
+1 2 1 1
+1 1
fe=(37)
-35 2 2
-1 2
+1 6
-3 4 0 2
cfi=(40)
cfn=(120)
calls=2 -1 
* 134 27 16
* 2 0 1 1 0 0 1
cfi=(40)
cfn=(120)
calls=1 -1 
* 147 27 17 4 1 0 4 1
* 6
+48 5 0 3
fi=(27)
-44 1 1 1
cfi=(7)
cfn=(78)
calls=1 +72 
* 25 5 5
fe=(37)
+44 1 0 1
+2 2
+3 2 2
fi=(39)
-49 1 0 1 1 0 0 1
fe=(37)
+52 1
-3 1 0 1
fi=(39)
-51 2 1 1
+3 1
fe=(37)
+55 2 0 1 1 0 0 1
cfi=(40)
cfn=(122)
calls=1 -87 
* 12 4 2
* 2
fi=(39)
-58 1
+2 2 1 1
-2 1 0 1
+34 2 1 1
+1 2 1 1
+1 1
fe=(37)
+37 10 4 2
+1 4 2 2
+1 2
+1 2
-1 2 0 2
-4 4 0 2
cfi=(40)
cfn=(120)
calls=2 -74 
* 134 27 16
* 2 0 1 1 0 0 1
cfi=(40)
cfn=(120)
calls=1 -74 
* 147 27 17
* 6
+8 2 1
+9 1 1 0 1 0 0 1
-15 1 1
+15 2 0 2
-15 1 0 1
+15 8 2
+9 2 2
+4 7 2 1 1 0 0 1
cfi=(42)
cfn=(128)
calls=1 23 
* 41 5 0 4 0 0 4
+1 2
+1 4
+5 1 1
-1 1 1
+2 1 0 1
-20 1
+20 1 0 1
-1 1 0 1
+1 1 0 1
-20 2
-1 4 2 1 1 0 0 1
+53 1 1
+1 2 2
-1 2 0 1
+1 2
+4 2 1
-4 1 0 0 1 0 0 1
+4 1
-4 1 0 1
+4 4 2
+1 1
-1 1
+1 2
+1 2
-2 5 0 0 1 0 0 1
+1 1
-1 1
+1 2
+1 2
-2 5
+5 1
+3 19 1 3 1 0 0 1
+7 1
-7 1 0 1
+2 1
+1 4 2 2 0 0 1 0 0 1
fi=(43) /usr/src/debug/glibc-2.34-25.fc35.x86_64/elf/../sysdeps/x86/dl-hwcap.h
57 7 1 1 1 0 0 1
fe=(37)
213 1 0 1
+1 1 0 1
cfi=(22)
cfn=(62)
calls=1 41 
* 17 2 0 0 1 0 0 1
+1 1
+1 1 1
-6 1
+4 1 0 1
+1 2
+1 1
-1 2
-5 5 1 0 1 0 0 1
+8 3 1
+2 1
+2 3 1
-2 1 0 1
+1 2 1 1 1 0 0 1
+4 5 1 1
+1 1 0 1
+3 2 1
+4 3 3
-1 2 0 0 1 0 0 1
+4 1
+1 2
+16 11 3 3 1 0 1 1 0 1
+6 2
fi=(27)
56 1 1 1
cfi=(7)
cfn=(78)
calls=1 +72 
* 25 5 5 0 0 1 0 0 1
* 2 0 1
fe=(37)
260 2
+7 1 0 1
+1 1 1
+1 3 2 0 1 0 0 1
-1 2
+1 2
-1 1 0 1
+1 1 0 1
cfn=(134)
calls=1 74 
* 43 10 12 1 0 1 1 0 1
+1 5 2 1
cfn=(134)
calls=1 74 
* 374 76 65 1 0 2 1 0 2
+3 1 1
+1 1 1
-1 1 0 1 1 0 0 1
+8 2
+24 3 1 2
+48 2 1
+13 1
-13 1 0 1
+13 2 0 1
-58 2
+7 2 2 0 1 0 0 1
+10 3 0 1
-1 1
+1 4 1
-1 1 0 1
-88 2 1 1
+85 1 1
-85 1 0 1
+85 4 2 1 1 0 0 1
-3 1
+3 1 0 1
cfi=(28)
cfn=(136)
calls=1 180 
* 17 3 2 1 2 1 1 2 1
* 2 2
-3 1
+3 1 0 1
cfi=(28)
cfn=(136)
calls=1 180 
* 17 3 2
* 2 2
+3 2 2
-3 4 0 2
+3 5
+1 12 0 0 1 0 0 1
+1 2 2
-2 1
+2 1 0 1
cfi=(28)
cfn=(136)
calls=1 180 
* 15 3 2
* 2 0 1
-2 2
+5 8 4 2
cfi=(28)
cfn=(136)
calls=2 180 
* 30 6 4
* 4 0 2
+2 5 1 0 1 0 0 1
+5 7 2
+1 1 0 1
-1 3
+1 7 0 7 0 0 1 0 0 1
-1 22
+5 10 3 0 1 0 0 1
+3 2
-3 8
+3 10
+1 3
-1 3
+1 15
-1 9
+1 18
+1 24 24
-1 12
-1 12 0 0 1 0 0 1
+2 24 0 12
-1 24
-1 24
+4 9
+4 1 1
-1 1 1
+2 1 1
-2 1
+1 1
+1 1
-2 1 0 0 1 0 0 1
+2 3
-1 1
+1 2
+3 2 2
+3 2 0 1
-6 2
+2 6
+3 1 1
+1 2 0 1 1 0 0 1
-6 2
+6 3
+7 8 3
+1 1
-1 2 0 1
+3 2 0 0 1 0 0 1
-3 3 3
+1 3
-1 6 0 3
+3 6
+3 5 3
-80 2 1 1
+86 9 8
239 2 1 0 1 0 0 1
+1 1
-1 2
+2 1
-1 1
+1 3 1
-1 2
+2 2 0 0 1 0 0 1
+7 4 1
-41 2 0 1 1 0 0 1
+1 2 0 1 1 0 0 1

fl=(54) /usr/src/debug/glibc-2.34-25.fc35.x86_64/io/../sysdeps/unix/sysv/linux/read_nocancel.c
fn=(182) __read_nocancel
25 2 0 0 1 0 0 1
+1 8
+1 2 2

fl=(15) /usr/src/debug/glibc-2.34-25.fc35.x86_64/elf/../sysdeps/x86/dl-get-cpu-features.c
fn=(32) _dl_x86_init_cpu_features
37 1 0 0 1 0 0 1
+2 3 1
+2 1
cfi=(16) /usr/src/debug/glibc-2.34-25.fc35.x86_64/elf/../sysdeps/x86/cpu-features.c
cfn=(34) init_cpu_features.constprop.0
calls=1 399 
* 7209 780 446 100 14 11 100 14 11

fn=(430) __x86_cpu_features
71 1 0 0 1 0 0 1
-32 3 1
+32 2 1

fl=(61)
fn=(206)
25 3 0 0 1 0 0 1
+1 12
+1 3 3

fl=(127)
fn=(428) check_match
31 21 0 15 1 0 0 1
+1 3 3
-1 6
+1 9 6
+1 9
+2 6 3 0 0 3 0 0 3
+1 6 3 0 1 0 0 1
+12 9 3 3
+3 6 6
+2 9 3 3
cfi=(31)
cfn=(94)
calls=3 +58 
* 232 35 0 0 7 0 0 7
* 6
+4 6 6 0 0 3 0 0 1
+1 18 6 0 1 0 0 1
+1 9 3 3
cfi=(31)
cfn=(94)
calls=3 +52 
* 75 21
+5 6 6
-24 6
+24 6 6
-24 3
+24 9 6

fn=(426)
74 36 0 18 1 0 0 1
+1 3 3
+3 3 3
-2 6 0 0 1 0 0 1
+2 9
+37 3
-37 9 6 0 0 1 0 0 1
+1 6
+2 12 3 3
+3 25 5 0 0 2 0 0 2
+2 6 3 0 1 0 0 1
+1 6
-1 3
+1 12 0 6
cfn=(428)
calls=3 -56 
* 460 116 24 3 13 0 3 11
+3 6 3
-3 3
+3 3
+3 6
+23 27 21 0 1 0 0 1

fl=(19) /usr/src/debug/glibc-2.34-25.fc35.x86_64/elf/../sysdeps/x86/dl-cacheinfo.h
fn=(46) handle_intel.constprop.0
255 24 12 0 1 0 0 1
-5 24 0 24
+16 12
-16 72 0 48 1 0 0 1
+13 12 0 12 0 0 1 0 0 1
+1 36 0 12
-3 24 0 12
+11 60 0 12
+5 24 0 0 1 0 0 1
+2 12
+1 12
-1 12 0 12
+5 48 0 12
cfn=(48) intel_check_word.constprop.0
calls=12 123 
* 3936 396 36 5 6 0 5 6
+2 24
+3 60 0 12
cfn=(48)
calls=12 123 
* 1165 72 36 5 0 0 5
+2 24
+3 5 0 1
cfn=(48)
calls=1 123 
* 20 4 3
+2 2
+3 5 1 1
cfn=(48)
calls=1 123 
* 259 27 3 0 1 0 0 1
+2 2
-35 3 1
+39 3
+5 96 84 0 1 0 0 1

fn=(48)
123 78 0 0 1 0 0 1
-4 78 0 52
+10 104 0 0 1 0 0 1
-10 26 0 26
+10 52
+2 52
+71 200 50 0 1 0 0 1
-71 102
+2 63
+2 126
+8 126
+51 102
+22 51 0 0 1 0 0 1
fi=(20) /usr/src/debug/glibc-2.34-25.fc35.x86_64/elf/../bits/stdlib-bsearch.h
28 51
-1 102
+8 282
-6 690
+2 690
+1 345
fe=(19)
+78 690 345 0 0 7 0 0 7
+3 345
fi=(20)
-76 126
fe=(19)
+88 15 0 0 1 0 0 1
246 104 104
-91 36
+3 36
-6 12
+3 24
+9 24
+1 24
+22 21
-32 63
+3 63
+4 64 0 0 1 0 0 1
+2 128
+2 58
+1 18
+5 11 0 0 1 0 0 1
+2 22
+6 14
+3 8
+1 12
-8 4 0 0 1 0 0 1
+2 4
+1 4
-2 4
-1 4
+2 8
-2 4
+3 4
-2 12 0 0 1 0 0 1
+2 12
-11 36
+1 24
+1 10
+11 12 0 0 1 0 0 1

fn=(52) get_common_cache_info.constprop.0
481 1 0 1 1 0 0 1
+16 1 1
-16 4 0 1
+15 1 1
-15 3 0 3
+26 1 1
-26 1 0 1
+18 1 1
-2 1 0 1
+1 2 1 1
+12 2
-5 1 0 1 1 0 0 1
+16 1
+5 3 1
+4 2
681 4
+1 5
+4 2 1
+9 2 2
-2 1 0 1
+2 2 2
-1 1 0 1
+1 3 3
535 6 0 1 2 0 0 2
+3 5
+6 2
-6 9
+6 6
+4 6
+14 2
+4 1
+3 1
+1 1
-4 2
+3 3 0 1
+6 8
-30 8 0 0 1 0 0 1
+3 20 0 0 1 0 0 1
+5 2
+4 1
+1 1
-1 2
+18 2
-68 5 2 1
+74 4 0 0 1 0 0 1
+8 9 1
+2 2
+4 3
+2 1
+2 4
-4 1 0 0 1 0 0 1
+33 1
-33 2
+21 2
-21 4
+3 1
+1 4
-4 1
+6 4 0 0 1 0 0 1
+3 2
+5 1
+2 2
+1 1
+1 1
-2 2
+1 1
-19 4
+46 2
+1 1
+1 2
+2 2 1 0 1 0 0 1
-1 3
-23 2 0 0 1 0 0 1
-7 1
+11 2 1
+3 1
+2 4
+1 1 0 0 1 0 0 1
+5 2

fl=(68) /usr/src/debug/glibc-2.34-25.fc35.x86_64/misc/../sysdeps/unix/syscall-template.S
fn=(232) mprotect
117 25 0 0 1 0 0 1
+5 5 5

fn=(452) munmap
117 5 0 0 1 0 0 1
+5 1 1

fl=(62)
fn=(208)
25 1 0 0 1 0 0 1
+2 7 0 1
+4 1 1

fl=(75)
fn=(284) check_match
69 97 0 97 1 0 0 1
+3 97 97 0 0 21 0 0 18
-3 1164 194 388 0 0 2 0 0 2
+3 388 97 0 0 8 0 0 8
+13 97
-13 97 0 0 1 0 0 1
+13 97
-13 97
+13 291
+3 318 62 31
cfi=(31)
cfn=(94)
calls=31 +23 
* 1686 273 0 25 25 0 25 21
* 62
+4 97 97
+1 194
+2 190 0 0 1 0 0 1
+19 190 190 0 0 6 0 0 6
+1 760 285 0 0 4
-38 97 0 0 1 0 0 1
+84 582 582
-18 4
+2 4 4 0 0 2 0 0 2
+1 2
-1 4
+1 6
-1 4
-29 285 190 95 1 1 0 1
cfi=(31)
cfn=(94)
calls=95 -5 
* 2529 671 0 2 7
* 190 0 0 1 0 0 1

fn=(280)
835 1428 0 1020 2 0 2 2
576 408 102 0 0 76 0 0 74
-1 204
+2 102
-1 102
+1 306 0 0 1 0 0 1
-1 306 102 0 0 1 0 0 1
+1 1327
-1 1327
+1 3981
-1 3981 1327 0 0 11 0 0 11
+2 102
841 102 0 102 0 0 1
-4 102
+8 102 102
-8 102 0 102
+1 204 0 204 0 0 1
+7 292 95 0 1 0 0 1
+3 102 102
+2 204 204 0 0 1
-2 102
+6 204
-7 612 204 102 1 0 0 1
+7 25 5
+1 1428 612 714 1 0 1 1 0 1
cfn=(282) do_lookup_x
calls=102 362 
* 35947 11235 4429 51 262 7 49 208 6
* 306
+28 102 102
-23 102 102
+23 102
-23 204
+24 566 93
+7 97 97 0 1 0 0 1
-7 97
+40 388 97
+79 194 97
-65 291 97 0 0 2
+3 291 97
-62 102 0 102 1 0 0 1
+69 918 714
-86 30 5 0 2 0 0 2
+18 15 0 0 1 0 0 1
+59 2 0 1 1 0 0 1

fn=(282)
362 714 0 612 2 0 0 2
+1 102 102 0 0 1
-1 714 306 408 0 0 3 0 0 2
+48 204 0 102
-41 102 102
+41 510 0 204 1 0 0 1
-16 984 328 0 0 1
+8 328 328 0 0 4
-4 328 0 328
+1 328 0 328
+3 1312 656 0 1 4 0 1
+1 984 656 328 0 2
+3 328 328
+1 656
+7 328 328
-3 656 656
-2 328 328 0 0 38 0 0 30
+5 1312 328
+3 2296
565 693
373 656 656 0 1 5 0 1
+3 656 0 0 1 0 0 1
+4 1312 0 328
+4 656 328 0 0 3
+4 656 328 0 0 1
+88 194 97 0 1 0 0 1
fi=(4)
137 291 97
fe=(75)
527 194
+3 744 97
+16 194 97 97
+1 97 0 97
+1 194
421 404 0 0 1 0 0 1
-1 202 202 0 0 54 0 0 52
+2 202
+2 1111 202 404 1 0 0 1
+13 402
-10 1155 231 0 1 74 0 1 71
+3 97
-1 194 97
+1 194 97 97 0 0 1 0 0 1
-1 97
+2 194
-1 1067 388 485 1 0 1 1 0 1
cfn=(284)
calls=97 69 
* 9629 2742 611 33 74 2 31 55 2
+4 291
568 5
+1 816 714 0 1 0 0 1
-35 24 8 0 1 1 0 1
-66 8 4 0 1 0 0 1
170 28 16 0 2 0 0 2
451 776 388 0 2 0 0 2

fl=(35) /usr/src/debug/glibc-2.34-25.fc35.x86_64/posix/../sysdeps/unix/syscall-template.S
fn=(106) uname
120 5 0 0 1 0 0 1
+2 1 1

fl=(30)
fn=(188) _dl_map_object_from_fd
942 22 0 14 1 0 1 1 0 1
+10 2 2
-10 2 0 2 0 0 1 0 0 1
+10 2
-10 4 0 4
+10 2 0 2 0 0 1 0 0 1
cfi=(45)
cfn=(142)
calls=2 46 
* 18 6 0 1 0 0 1
* 2 0 2 1 0 0 1
+7 8 2 2
+81 8 2 2 1 0 0 1
+10 4 2
+7 8 4
+33 4
953 2 0 2
1093 14 10 2 1 0 0 1
cfi=(26)
cfn=(72)
calls=2 59 
* 766 152 106 3 2 16 3 2 16
* 2
+1 4
+11 2 2
+5 2 2
-5 2 0 2 0 0 1 0 0 1
+1 4 2 2
+1 2 2 0 1 0 0 1
+2 2
-2 2 0 2
+2 4
+1 6 2
+1 2 0 1
+19 2 1
-2 1 0 1 1 0 0 1
+2 9 1
-2 1 0 1
+2 29 0 4 1 0 0 1
+9 2
-9 2 0 2
+9 12 2 0 1 0 0 1
+93 2 2
-6 2 2
-32 4 0 2
-28 2 2
-33 2 0 2
+99 2
-6 2 0 2
-95 2
+35 2
-34 2 0 2 1 0 0 1
+48 2
-54 2 0 2
1232 4 0 2
-92 60
+20 2 1 1 0 1 0 0 1
+1 1
-22 69
+1 127 25 0 1 0 0 1
1244 2 2
1139 2
1244 2 0 2
+1 4 2 2 1 0 0 1
1139 6
1249 6 2
1106 4 2 2
1262 4
+10 8 4 0 1 0 0 1
+7 6 4
fi=(59) /usr/src/debug/glibc-2.34-25.fc35.x86_64/elf/./dl-map-segments.h
56 2
fe=(30)
1279 2
fi=(59)
56 2 2
fe=(30)
1279 4 4
fi=(59)
57 2 2 0 1 0 0 1
fe=(30)
1279 6 0 2
fi=(59)
57 2
-1 2
-6 2 2
+6 2 2
-6 2
+6 2 0 2 0 0 1 0 0 1
cfi=(58)
cfn=(196)
calls=2 -8 
* 18 2 0 1 0 0 1
* 2 0 2
+4 4 0 0 1 0 0 1
+3 4 2
+1 2
+2 2 2
-3 2 0 2
+1 2 0 2
+2 2
+7 10 4 1
cfi=(68)
cfn=(232)
calls=1 +44 
* 6 1 0 1 0 0 1
* 2
+7 2 0 2 1 0 0 1
+2 2 2
fi=(60) /usr/src/debug/glibc-2.34-25.fc35.x86_64/elf/./dl-load.h
+8 16
+1 6 4 2
+2 16 8 0 1 1 0 1 1
fi=(59)
+11 32 16
+8 2 2
-1 2 2
-1 2 2
+1 2
+2 2
-1 2
+1 2
-1 8
+8 4
+17 4
+12 8 0 0 1 0 0 1
-59 40 8
+2 12 12
+3 6 6 0 1 0 0 1
-3 12
+2 42 18 6
cfi=(58)
cfn=(196)
calls=6 -46 
* 54 6
* 12
fi=(55) /usr/src/debug/glibc-2.34-25.fc35.x86_64/elf/../sysdeps/posix/dl-fileid.h
-57 6 2 2 1 0 0 1
cfi=(56)
cfn=(192)
calls=2 -8 
* 30 2 0 3 0 0 3
* 4
fe=(30)
997 2 2
fi=(55)
40 2 2 0 1 0 0 1
+1 2 2
fe=(30)
997 2
fi=(55)
40 2 0 2
fe=(30)
997 4
fi=(55)
41 2 0 2
fe=(30)
997 21 7
+1 10 5 0 1 0 0 1
fi=(55)
49 12 6 0 0 1 0 0 1
fe=(30)
1534 18 14
1016 4 2 0 1 0 0 1
1140 26 0 0 1 0 0 1
+26 24 8 0 1 1 0 1 1
+5 56 16
+10 16 8
-1 8
+4 16
-4 8
-1 8
+2 16
+2 8 8 0 1 0 0 1
-2 8
-1 8 0 8 0 0 1 0 0 1
+1 8
+1 8 0 8 0 0 1 0 0 1
-1 8 0 8
+2 8 0 8
+1 8 0 8 0 0 1 0 0 1
+4 16
+1 30 12 6
+5 6 6
-1 6
+1 6
-1 6
+1 24
-15 6
+15 12 0 6
+10 6
-10 2 2 0 1 0 0 1
-1 2
+1 2
-1 2
+1 8
-15 2
+15 4 0 2
+10 2
-58 4 2
+7 2 2
+2 2 2 0 1 0 0 1
-2 2 0 2
+1 2 2
+1 2
-1 4 0 2
+1 16 2 2
+52 3 1 0 1 0 0 1
+4 1 0 1 0 0 1 0 0 1
+1 2 1 1
-59 1 1
+63 5 0 1
+1 1 1
+3 1 0 1 1 0 1 1 0 1
-3 1 0 1
+8 4 1
+15 4 2 2 1 0 0 1
+1 2
1114 13 0 0 2 0 0 2
+1 2 1
-1 1
+1 1
-1 1 0 1
+1 1 0 1 0 0 1 0 0 1
cfi=(67) /usr/src/debug/glibc-2.34-25.fc35.x86_64/io/../sysdeps/unix/sysv/linux/pread64_nocancel.c
cfn=(230) __pread64_nocancel
calls=1 25 
* 7 1
* 2
1295 8 4 0 1 0 0 1
+1 6 2 2
fi=(3)
40 2
+6 2 2 0 0 2 0 0 2
-2 2
+2 4 0 0 1 0 0 1
+9 2
+5 2
+3 2
-1 2
-3 2
-3 31
+13 9 0 9 0 0 4 0 0 4
-23 36 9 0 0 3 0 0 3
+23 36 0 36 0 0 7 0 0 7
-23 144 36 0 0 8 0 0 8
+4 90 0 0 1 0 0 1
+5 44
+2 10
+3 8 0 0 1 0 0 1
+3 8
+2 8
+8 8 2
+10 7 2 1
+1 8 2 2 1 0 0 1
+1 8 2 2
+1 8 2 2
+2 8 2 2
+5 8 2 2
+1 7 2 1 1 1 0 1 1
+1 8 2 2
+3 6 2
+5 4 2
+7 4 2
+1 6 4 0 1 0 0 1
+18 6 2 0 0 1 0 0 1
+5 2 1 1
+2 2
+2 2
+2 2
+3 6 2 0 1 0 0 1
+2 6 2 2
+1 4
+9 6 4
+5 4 0 0 1 0 0 1
+3 4 2
fe=(30)
1302 4
+1 4
+2 10 2 0 1 0 0 1
+10 6 2
+19 4 2 2 1 0 0 1
+2 10 4
+52 6 2 0 0 1 0 0 1
+1 2 1 1
+6 14 4 0 1 0 0 1
+1 42
+6 8 2 2
cfn=(92)
calls=2 866 
* 40 16 0 0 2 0 0 2
-7 50 25
+1 25 25 0 1 21 0 1 21
+6 25
-6 50
fi=(29)
203 8 8
+1 4 4
95 16 8
+9 4
+99 2
-99 2 0 0 1 0 0 1
-2 2
-2 2
+1 2 0 2
+3 6 0 2
+81 8
-1 2
-80 6
+3 6 2 0 1 0 0 1
+1 4 2
+1 4 2
+4 6 2
+4 6 0 2
+3 6 2 0 1 0 0 1
+1 4
+4 2
+1 6
+23 6
+10 3 3 0 0 1 0 0 1
-1 6
+1 2
+18 6
+2 8
-49 8 4 0 1 0 0 1
+1 4 4
+3 8
+3 4
+1 16
+5 16 0 0 1 0 0 1
+26 4
fe=(30)
1407 4 2 2
cfi=(61)
cfn=(206)
calls=2 25 
* 12 2 0 1 0 0 1
* 4
+13 4 2
+2 8 4 2 1 0 0 1
+2 4 2
+16 4 0 2
cfi=(8)
cfn=(14)
calls=2 25 
* 54 16 12 0 3 0 0 3
+4 4 2
+1 4 2
+17 4 2 0 1 0 0 1
+4 2 2
+5 2 2
-5 2 0 2
+5 2
+10 4 2 0 1 0 0 1
+7 14 6
+10 4 2
+1 4 1
+5 2 0 1
cfi=(46)
cfn=(234)
calls=1 131 
* 10 3 2 2 0 0 2
+7 6 2 2 1 0 0 1
cfi=(26)
cfn=(86)
calls=2 31 
* 94 23 18
+4 6 2
fi=(60)
94 4 2 0 1 0 0 1
+2 1 1
-1 2 2
+1 1 0 0 1 0 0 1
-1 1
+1 1
-1 1
+1 1
-1 2
+3 4 0 1
fi=(59)
+25 4
+8 14 0 6 1 0 0 1
cfi=(44)
cfn=(140)
calls=2 -26 
* 335 2 178 3 0 45 3 0 45
+1 6 4
fe=(30)
1463 2 0 1
1114 2 0 1 1 0 0 1
fi=(3)
141 2 0 1
+20 3 1 1
fi=(29)
+29 10 4 0 1 0 0 1
+2 2 2
+1 2 0 2 1 0 0 1
+1 2 0 2
-2 6 0 2
+2 2
fi=(59)
-53 8 0 1 1 0 0 1
cfi=(58)
cfn=(196)
calls=1 -93 
* 9 1
+3 2
fe=(30)
1489 6 2 0 1 0 0 1
+2 1 1
-1 5 3 0 1 0 0 1
+1 1
-1 1
+1 1
-1 1 0 1
cfi=(31)
cfn=(94)
calls=1 111 
* 48 6 0 1 2 0 1 2
* 2
+2 6 2 1 1 0 0 1
fi=(29)
162 2 0 1 1 0 0 1
-32 2
fe=(30)

fn=(172) expand_dynamic_string_token
383 3 0 2 1 0 0 1
+10 1
-10 4 0 2
+10 1 0 1
cfn=(174) _dl_dst_count
calls=1 236 
* 66 12 6 6 0 1 6 0 1
+3 2
+12 1 0 0 1 0 0 1
-11 1
+11 4 4
-11 1
cfi=(52) /usr/src/debug/glibc-2.34-25.fc35.x86_64/string/strdup.c
cfn=(176) strdup
calls=1 40 
* 97 18 13 3 0 1 3 0 1

fn=(110)
704 9 0 5 1 0 0 1
+14 1
-14 4 0 2
+14 2 0 1
cfi=(37)
cfn=(112)
calls=1 172 
* 2033 389 303 53 5 10 53 5 10
fi=(27)
56 1
fe=(30)
718 1 0 1 1 0 0 1
fi=(27)
56 1 1 1
cfi=(7)
cfn=(78)
calls=1 +72 
* 25 5 5
fe=(30)
723 1 0 1
+2 2
+7 2
+1 2 1
-1 3
+5 3 0 0 1 0 0 1
fi=(27)
56 1 1 1
cfi=(7)
cfn=(78)
calls=1 +72 
* 25 5 5
fe=(30)
737 1 0 1 0 0 1 0 0 1
+2 4 2
+26 1 1
-9 1
+12 1
-9 1
-13 1 0 1 1 0 0 1
-1 1 0 1
+9 1 0 1
+2 1 0 1
+1 1 0 1 0 0 1 0 0 1
+2 1 0 1
+1 1 0 1
+5 2
+1 3
+2 1
-2 2 0 2 1 0 0 1
cfi=(44)
cfn=(140)
calls=1 105 
* 17 1 4 2 0 0 2
+2 1 0 1
-2 2 1
-7 1
-5 1 0 1
+12 1
-12 1
+2 1 0 1 0 0 1 0 0 1
+1 1 0 1
+2 1 0 1
+1 1 0 1
+6 1 0 1 1 0 0 1
cfi=(44)
cfn=(140)
calls=1 105 
* 17 1 4 0 0 1 0 0 1
+2 1 0 1
+12 1 1
+3 1
-8 1 0 1
-1 1 0 1 0 0 1 0 0 1
+9 2
+2 4 1 0 1 0 0 1
+2 3 1
+36 2 0 0 1 0 0 1
+31 1 0 1
+1 8 7
-49 1 1 0 1 0 0 1
-2 1 0 1
+2 2
+14 2 0 1 1 0 0 1

fn=(174)
236 6 0 3 1 0 0 1
+3 3
-3 6 0 6
+7 3
-7 6 0 6 0 0 1 0 0 1
+3 3 0 3 0 0 1 0 0 1
cfi=(41)
cfn=(124)
calls=3 23 
* 120 15 0 4 2 0 4 2
+3 6
+20 21 18 0 1 0 0 1

fn=(214) cache_rpath
680 3 3 0 1 0 0 1
-1 6
+1 6
+1 3 0 0 1 0 0 1
+16 6 3

fn=(92)
866 3 0 0 1 0 0 1
+8 3 3
-8 3
+8 3
-6 3 3
+12 6
-13 3 3
+13 3
-13 3 3
+13 6
+3 9 3 0 1 2 0 1 2
+1 6 3 0 0 1 0 0 1
+1 6 3
+43 3 3

fn=(168)
2038 30 0 24 1 0 5 1 0 5
+8 6
+1 12 3 0 1 1 0 1 1
+3 48 9 3
+5 49 14 0 1 0 0 1
+2 21 0 7
cfi=(51)
cfn=(170)
calls=7 68 
* 806 169 31 6 1 2 6 1 2
* 14
+4 12 6
+1 18 6 0 1 0 0 1
+4 2 2
-1 10 6
+1 2
+1 2
-1 2
+1 4 0 2
cfi=(31)
cfn=(94)
calls=2 111 
* 70 13
* 4
2346 29 23 0 1 0 0 1
2082 2
-2 2 2
+2 4 0 2 0 0 2 0 0 2
-2 4
-40 2 0 2 1 0 0 1
+50 6 2
+36 4
-2 2 0 2
+2 2 0 2
cfi=(41)
cfn=(124)
calls=2 23 
* 48 6
* 4
2277 2
-1 3 0 1 1 0 0 1
cfn=(172)
calls=1 383 
* 181 34 24 11 0 2 11 0 2
+2 1
-3 1 0 1
+1 1
+2 2
+4 6 0 1
cfn=(178) open_verify.constprop.0
calls=1 1587 
* 287 60 16 18 11 1 18 11 1
* 1
+3 2 0 0 1 0 0 1
+12 4 1
+46 1 1
+1 3
-1 1 0 1
+1 9 3 5
cfn=(188)
calls=1 942 
* 1793 391 194 66 24 21 66 24 21
-1 1 1
+1 3
-1 1 0 1
+1 9 3 5
cfn=(188)
calls=1 942 
* 2322 415 391 15 27 62 15 27 62
* 6 0 0 1 0 0 1
2130 2 0 1 1 0 0 1
cfi=(22)
cfn=(62)
calls=1 41 
* 17 2
* 2 0 1
+2 2 1
+7 4 1
+43 6 0 1 1 0 0 1
cfn=(214)
calls=1 680 
* 8 2
* 2
+8 1 0 1
+14 2 0 0 1 0 0 1
+2 3 1
+4 2 0 1
cfi=(64)
cfn=(216) _dl_load_cache_lookup
calls=1 406 
* 1630 256 68 27 23 4 27 23 4
* 1
+2 2
+4 2
+8 3 1 0 1 0 0 1
+23 7 0 2
cfn=(178)
calls=1 1587 
* 395 71 27 7 9 4 7 9 4
+4 2 1
-4 1
+4 1
+1 2 0 1
+17 2 1 0 1 0 0 1
+28 4 1
+2 4
2143 5 1 3 1 0 0 1
+8 3 0 1
-3 3 1
+1 6 0 1 1 0 0 1
cfn=(214)
calls=1 680 
* 8 2 0 2 0 0 2
* 2
+14 3 2 0 1 0 0 1
+1 8 3 1 1 0 0 1
+1 8 0 2 1 0 0 1
cfn=(214)
calls=1 680 
* 8 2
* 2
+9 3 1 0 1 0 0 1
+7 3 0 0 1 0 0 1

fn=(178)
1587 22 0 12 1 0 0 1
+39 2 2 0 1 0 0 1
-39 2 0 2
+39 4
+31 8 0 2
cfi=(53)
cfn=(180)
calls=2 34 
* 38 2 2 2 0 0 2
* 2
+2 4
+11 2 0 2
+6 4 0 0 1 0 0 1
-5 2 0 2 0 0 2 0 0 2
+5 16 2 4
cfi=(54)
cfn=(182)
calls=2 25 
* 12 2 0 1 0 0 1
+2 4
+2 4 2 2
+2 4
+6 4 0 0 1 0 0 1
+17 22 8
fi=(27)
50 4 2 2 1 0 0 1
cfi=(7)
cfn=(186)
calls=2 188 
* 10 4 0 1 0 0 1
fe=(30)
1872 18 14
1705 6 2 0 1 0 0 1
+59 4 2
+5 4 2
+2 8 2 0 1 0 0 1
+6 4 2
+6 2 2 0 0 2 0 0 2
+1 2 2
-1 6
+1 2
-1 2
+1 4
+1 2 1 0 1 0 0 1
+20 6
+31 2 0 2
-31 2
+31 2
1664 2
1836 8
-31 114
+1 52 24 0 1 13 0 1 13
+1 16 4 0 0 3 0 0 3
+4 16 8 0 1 0 0 1
+6 4
+1 28 0 0 1 0 0 1
+10 10 0 6 0 0 2 0 0 2
cfi=(67)
cfn=(230)
calls=2 25 
* 14 2
* 14 4
+8 30 10 0 1 2 0 1 2
+15 2 0 0 1 0 0 1
+6 1 1
-3 1 1
+1 1 1
+1 1 1
+1 2
-3 1
+1 1
+1 1
+2 1 1
-3 3
-1 1
+4 2
-19 36 12 0 2 0 0 2
+3 4
-4 4
+4 8
+5 1
+1 2
-60 14 0 1 2 0 0 2
+1 3
-1 1
+1 3 0 2 0 0 1 0 0 1
cfi=(67)
cfn=(230)
calls=1 25 
* 7 1 0 1 0 0 1
* 3 1
+16 5 1
+7 12 5 0 1 0 0 1
1705 3 1 0 1 0 0 1
1818 4 0 2 1 0 0 1

fl=(49)
fn=(158)
225 10 0 3 1 0 0 1
+2 2 0 1 1 0 0 1
cob=(2)
cfi=(48)
cfn=(160)
calls=1 0 
* 2717 596 293 115 37 31 115 37 31
+1 2 1 1
+1 1 1
+1 1 1
-1 1 0 1
+1 1 0 1
+2 5 4

fn=(246)
238 6 0 2
+1 1 1 0 1 0 0 1
+1 1 1
+3 1 0 1
+1 1 0 1
+2 1 0 1
cfi=(2)
cfn=(248)
calls=1 687 
* 3597 1047 295 34 33 20 34 31 20
+2 1 0 1
+1 1 0 1
+1 4 3

fn=(162)
175 9 0 3 1 0 0 1
+5 3 3 0 1 1 0 1 1
-5 9 0 9 0 0 2 0 0 2
+5 3 0 3
-2 6
+21 3 3
+7 6
-7 3 0 3 0 0 2 0 0 2
+1 6 0 3
+3 6 0 3 1 0 0 1
+3 3 0 3
cfi=(50) /usr/src/debug/glibc-2.34-25.fc35.x86_64/setjmp/../sysdeps/x86_64/setjmp.S
cfn=(164) __sigsetjmp
calls=3 30 
* 72 15 27 2 0 2 2 0 2
* 12
+2 9 6 3
cfi=(63)
cfn=(212) openaux
calls=2 61 
* 5426 959 564 68 60 75 68 60 75
cfi=(2)
cfn=(166)
calls=1 654 
* 2655 582 271 108 36 28 108 36 28
+2 3 3
-1 3 3
+1 3
-1 3 0 3
+1 6 0 6
+9 12 6 0 1 0 0 1

fl=(63)
fn=(212)
61 6 0 2 1 0 0 1
+7 2 2
-4 4 4
+1 2 2
-1 16 4 2
cfi=(30)
cfn=(168)
calls=2 2038 
* 5390 943 558 67 60 75 67 60 75
* 2 0 2
+5 4 4

fn=(210)
159 3 0 1 1 0 0 1
+1 2
-1 1 0 0 1 0 0 1
+1 1
-1 2 0 2
+1 1
-1 1 0 1
+1 1
-1 4 0 3 0 0 1 0 0 1
+1 3
-1 2 0 1 0 0 1 0 0 1
+1 1 0 0 1 0 0 1
-1 1 0 1
+1 6
-15 1 1
+15 2 0 0 1 0 0 1
-8 1 1
-6 1
-1 1 0 1 0 0 1 0 0 1
+15 1
-16 1 0 1
+8 3 0 1
-6 1 0 1
+6 1 0 1
+24 3 0 0 1 0 0 1
-28 3 0 1
-2 1
+31 1 1
-33 2 0 1
+2 2
+30 2
-30 1
-1 1 0 1
+1 1 0 1
+6 4 1 1 1 0 0 1
+24 2
-32 1
+60 1 1
-60 2 0 1
+36 1 1
+20 1 0 1
fi=(70) /usr/src/debug/glibc-2.34-25.fc35.x86_64/elf/../include/scratch_buffer.h
78 1 0 1 0 0 1 0 0 1
fe=(63)
180 1 0 1 1 0 0 1
fi=(70)
77 3 0 2
fe=(63)
198 1 1
298 1 0 1
198 1 0 1
+2 1 0 1
+9 2 1 1 1 0 0 1
+4 4 1 1
-4 6 3 3
+4 12 3 3
+11 12 6
-18 2
+18 4 2
433 12 4 0 1 0 0 1
+2 2
+3 2
-3 4 0 2
+3 2
fi=(27)
56 2 2 2
cfi=(7)
cfn=(78)
calls=2 +72 
* 50 10 10
* 2
fe=(63)
439 4 0 0 1 0 0 1
+6 2 0 2 0 0 1 0 0 1
+1 10 2 2
cfi=(28)
cfn=(82)
calls=2 193 
* 22 6 4
+1 10 0 2
cfi=(28)
cfn=(82)
calls=2 193 
* 22 6 4
+4 2 0 2
-1 2 0 2
+5 16 8 0 1 0 0 1
204 9 6
458 9 3
-1 4 4
+1 8
199 3 1
+27 10 6 2 1 0 0 1
+5 2 2 0 1 0 0 1
+6 2 2
-5 2 0 2 0 0 1 0 0 1
-1 2 0 2
+2 4 2 2
+1 4 2 2
+3 8 4 0 1 0 0 1
-31 2
+31 2 0 2
+1 6
+6 8 4 2 0 0 1 0 0 1
cfi=(30)
cfn=(174)
calls=2 -8 
* 108 21 12 0 2 1 0 2 1
* 6
+4 4 0 0 1 0 0 1
-2 2 0 2
+2 4 0 2
cob=(2)
cfi=(48)
cfn=(160)
calls=2 0 
* 5550 987 608 68 60 78 68 60 78
+1 4 2
+9 2 2 0 1 0 0 1
+2 4 2
+5 10 0 2
+6 2 2
+2 2 0 2 1 0 0 1
-8 4
+3 2 0 2
+1 2 0 2
+1 2 0 2
+1 2 0 2
+4 10 2 4
+4 6 2 0 1 0 0 1
+1 3 0 1
-43 192 48
+1 92
+44 138
-38 4 0 0 1 0 0 1
fi=(70)
85 3 2 0 1 0 0 1
fe=(63)
464 6 2
+1 1 0 1 1 0 0 1
+3 5 2 1
+11 3 1 0 1 0 0 1
fi=(27)
56 1 1 1
cfi=(7)
cfn=(78)
calls=1 +72 
* 25 5 5
* 1
fe=(63)
481 2
+5 2 2
+4 1
-2 2 1
-2 1
+1 1 0 1 1 0 0 1
-1 2 0 1
+4 1
+2 12 4
+7 4
-2 4
+2 4 0 4 0 0 1 0 0 1
-2 4
+2 4
+5 4 0 4
-14 12 4
+17 3 1 1 1 0 0 1
+52 4 2
+37 3 1 0 1 0 0 1
+4 1 1
+11 2
-11 1 1
-3 2
+20 1 1 0 1 0 0 1
-1 2
+1 3 1
-1 6 1 1 1 0 0 1
cfi=(12)
cfn=(242)
calls=1 288 
* 260 64 49 12 0 0 11
+5 1 0 1
+2 1 1
+1 1 0 1
-1 1 0 1
+2 2
+7 3 1 0 1 0 0 1
+3 2
+3 8 7
214 25 11 0 1 1 0 1 1
+3 2
fi=(70)
-86 6 0 2 1 0 0 1
cfi=(69) /usr/src/debug/glibc-2.34-25.fc35.x86_64/malloc/scratch_buffer_set_array_size.c
cfn=(236) __libc_scratch_buffer_set_array_size
calls=2 30 
* 40 10 6 3 0 0 3
fe=(63)
+86 4
+4 6 2 2
611 2 0 1 1 0 0 1
cfi=(28)
cfn=(82)
calls=1 193 
* 11 3 2
* 1
160 2 0 1 1 0 0 1
380 6 0 3 1 0 0 1

fl=(9)
fn=(16)
88 4 0 2 1 0 0 1
+25 1
-25 6 0 4 0 0 1 0 0 1
+25 1 1
-1 1 0 1
+1 165 53 3 1 7 2 1 7 2
+11 1 1
-8 1
+1 1 0 1
-4 1 0 1 0 0 1 0 0 1
+3 1 0 1
+6 1 0 1 1 0 1 1 0 1
+2 13 0 3 0 0 1 0 0 1
-34 1
-1 1
+36 113 17 0 1 3 0 1 3
+3 1 1
+1 1
-5 85 22 7 3 5 0 3 5
+62 1 1 0 1 0 0 1
-62 1
+63 1
-1 1 0 1
-62 3 1
+34 1 1 0 1 0 0 1
-34 1
+35 1 0 1
-1 1 0 1
-34 3 1
+46 1 1 0 1 0 0 1
-46 1
+47 1
-1 1 0 1
-46 3 1
+40 1 1 0 1 0 0 1
-40 1
+41 1
-1 1 0 1
-40 3 1
+37 1 1
-37 1
+38 1
-1 1 0 1
-37 4 1
+13 1 1 0 1 0 0 1
-13 1
+14 1 0 1
-1 1 0 1
-13 3 1
+10 1 1 0 1 0 0 1
-10 1
+11 1 0 1
-1 1 0 1
-10 3 1
+7 1 1
-7 4 1 0 1 0 0 1
232 1 0 1 0 0 1 0 0 1
cfi=(10)
cfn=(18)
calls=1 +48 
* 26919 4881 58 6 67 1 6 67 1
+3 1 0 1
cfi=(12)
cfn=(22)
calls=1 +44 
* 32 6 3 4 1 0 4 1
fi=(13)
36 2 0 1
cfi=(14) /usr/src/debug/glibc-2.34-25.fc35.x86_64/elf/../sysdeps/unix/sysv/linux/brk.c
cfn=(28) brk
calls=1 -1 
* 8 1 1 1 0 1 1 0 1
fi=(6)
223 1 0 1
cfi=(15)
cfn=(32)
calls=1 37 
* 7214 781 446 101 14 11 101 14 11
fe=(9)
+23 3 1
+1 1 0 1 1 0 0 1
cfi=(22)
cfn=(62)
calls=1 41 
* 17 2 0 2 1 0 2 1
* 1 0 1
+2 2 0 1
cfi=(23) /usr/src/debug/glibc-2.34-25.fc35.x86_64/elf/../misc/sbrk.c
cfn=(64) sbrk
calls=1 37 
* 15 4 2 1 0 0 1
* 3
+12 3 1
+3 5 1 1
cfi=(2)
cfn=(66)
calls=1 1154 
* 105063 26999 11756 746 1261 503 738 1110 485
+2 9 8 0 1 2 0 1

fn=(448)
270 1 0 0 1 0 0 1
+1 1 1

fl=(28)
fn=(82)
193 13 0 0 1 0 0 1
+1 13
+6 13
+1 13
+1 9
+1 9
+5 6 6
+1 6 6
+1 6 0 6
+1 6 0 6 0 0 1 0 0 1
+3 6 6
366 4 0 0 1 0 0 1
+1 4
+1 1
+1 1
+1 1
+1 1
+1 1
+1 1 1 0 0 1 0 0 1
+1 1 0 1 0 0 1 0 0 1
+2 1 1
+21 3 3
+1 3 3
+1 3 0 3 0 0 1 0 0 1
+1 3 0 3
+1 3 3
+24 3
+1 3
+1 3
+1 3
+21 3 3 0 1 0 0 1
+1 3 3
+1 3 3
+1 3 3
+1 3 0 3 0 0 1 0 0 1
+1 3 0 3 0 0 1 0 0 1
+1 3 0 3 0 0 1 0 0 1
+1 3 0 3 1 0 0 1
+1 3 3

fn=(136)
180 10
+1 10
+1 10
+1 10
+17 10
+1 10
+1 3
+1 3
+5 2 2 0 0 1
+1 2 2
+1 2 0 2 0 0 2 0 0 2
+1 2 0 2
+3 2 2
366 7
+1 7
+1 5
+1 5
+1 2
+1 2
+26 2 2
+1 2 2
+1 2 0 2
+1 2 0 2
+1 2 2
+3 3 3
+1 3 3
+1 3 0 3
+1 3 0 3
+1 3 3
+3 2 2 0 0 1 0 0 1
+1 2 2 0 1 1 0 1 1
+1 2 0 2 0 0 1 0 0 1
+1 2 0 2
+1 2 2
+10 1
+1 1
+1 1
+1 1
+21 1 1
+1 1 1
+1 1 1
+1 1 1
+1 1 0 1
+1 1 0 1 0 0 1 0 0 1
+1 1 0 1
+1 1 0 1
+1 1 1

fl=(52)
fn=(176)
40 10 0 4 1 0 0 1
+1 2 0 2 1 0 0 1
cfi=(22)
cfn=(62)
calls=2 * 
* 70 10 0 1 0 0 1
* 2
fi=(161) /usr/src/debug/glibc-2.34-25.fc35.x86_64/string/../include/rtld-malloc.h
+15 4 2 2
cfi=(7)
cfn=(78)
calls=2 +72 
* 50 10 10
fe=(52)
-12 4
+4 2
-1 6
+1 4 4
-1 2
cfi=(28)
cfn=(82)
calls=2 193 
* 30 8 6 0 0 2 0 0 2

fl=(73)
fn=(270) dl_cet_check
39 7 0 6 1 0 0 1
+3 1 1 0 0 1 0 0 1
+9 1 1
-10 1
+4 1
-4 1
+3 1
+4 2
+1 2
-1 2
+14 2 0 0 1 0 0 1
235 8 7 0 1 0 0 1

fn=(268)
252 1 0 0 1 0 0 1
+1 1
cfn=(270)
calls=1 39 
* 29 9 6 3 1 0 3 1

fl=(64)
fn=(216)
406 6 0 2 1 0 0 1
+2 2 1
+3 3 1
+74 3 1 0 1 0 0 1
+3 5 1 1
cfn=(222) search_cache
calls=1 203 
* 1317 207 34 17 20 2 17 20 2
* 1
+15 2 1 0 1 0 0 1
+4 2
+8 2 0 1
cfi=(22)
cfn=(62)
calls=1 41 
* 35 5 0 0 1 0 0 1
* 13 0 0 1 0 0 1
+1 2
-1 1
+1 1 0 1
cfi=(28)
cfn=(82)
calls=1 193 
* 11 3 2
* 1
+1 1 0 1
cfi=(52)
cfn=(176)
calls=1 40 
* 89 16 11 0 0 1 0 0 1
+1 3 3
-3 2 0 1
414 5 0 2 2 0 0 2
cfi=(51)
cfn=(218)
calls=1 36 
* 91 10 10 2 1 1 2 1 1
* 1
+8 6 2
+1 8 3 0 1 1 0 1 1
+3 4
+1 1 1
-1 3
fi=(65) /usr/src/debug/glibc-2.34-25.fc35.x86_64/elf/../sysdeps/generic/dl-cache.h
194 1 1
+1 5
fe=(64)
434 1 0 1 1 0 0 1
+1 2 0 1

fn=(226) _dl_cache_libcmp
360 24 0 0 1 0 0 1
+1 42 14
+4 61 61 0 0 10 0 0 10
-2 61
+2 61
-2 122
+20 118
+2 118
-24 49 49 0 1 0 0 1
+28 49
+1 49
-29 98
+32 6 4
-28 4
+8 2 2
-2 4
+1 4
+1 4
-2 2 0 0 1 0 0 1
+2 2
+2 6 2
-3 2
+3 2
+2 4
+9 30 10

fn=(450)
527 1 0 0 1 0 0 1
+1 4 1 0 0 1
-1 1 0 0 1
+3 2 1 1
cfi=(68)
cfn=(452)
calls=1 117 
* 6 1 0 1 0 0 1
+1 1 0 1
+4 1 0 1
+2 2 1

fn=(222)
203 10 0 6 2 0 1 2 0 1
+2 1 1
-2 3 0 3 0 0 1 0 0 1
fi=(66) /usr/src/debug/glibc-2.34-25.fc35.x86_64/elf/../sysdeps/x86/dl-procinfo.h
39 2
+3 3 0 1
cfi=(31)
cfn=(94)
calls=1 +69 
* 68 9 0 2 0 0 2
* 4 0 1 1 0 0 1
fe=(64)
208 5 0 2 1 0 0 1
cfi=(10)
cfn=(24)
calls=1 403 
* 21 4 1
* 2 1 1
+2 2 1 1
+10 2
+3 1 1
-10 3 1
352 6
220 12
+2 20 0 0 1 0 0 1
+1 10
-32 20
+32 10 10 0 0 10 0 0 10
+4 20 10
+4 30 0 10
cfn=(226)
calls=10 360 
* 705 108 0 3 10 0 3 10
+1 20
349 9
+1 3
220 6
356 10 8 0 1 0 0 1
222 11 2 2 1 0 0 1
+20 4 2
+3 4
+2 8 0 2
cfn=(226)
calls=2 360 
* 219 34
* 4
+2 1
-9 4
-30 3 2 0 1 0 0 1
+1 3
-1 8 2 3
+94 4 0 0 1 0 0 1
-45 2
+10 2 1 0 1 0 0 1
+1 3 2
+7 2 1
fi=(65)
125 5 1
fe=(64)
286 2
+9 2 1 0 1 0 0 1
+3 2 1
+2 3 1
+4 2
+1 4 1
+7 2
+21 2 1 1
+2 1
-34 2 1 0 1 0 0 1

fl=(57)
fn=(194)
149 6 0 0 1 0 0 1
-62 6
+77 9
+1 3 3

fl=(8)
fn=(14)
25 4 0 0 1 0 0 1
+3 4 4
-3 4
+3 8
+3 12 8
+1 8 4 4 0 4 1 0 4 1
+2 4 4 0 0 1 0 0 1
-1 4 4
+3 12
+1 4 0 4
+4 4
-3 4 0 0 1 0 0 1
+7 4
-7 4 4
+3 4
-1 4 0 4
+3 4 0 4
+2 4
-7 4 0 4
+7 4 0 4
+5 4 4

fl=(53)
fn=(180)
34 3 0 0 1 0 0 1
+3 3
-3 9 0 3
+3 18
+8 21 0 0 1 0 0 1
+2 3 3

fl=(31)
fn=(94)
111 175 0 0 1 0 0 1
+33 175
+1 175
+2 175
+1 175
+21 175
+1 175
+1 160
+1 160
+1 137 137 0 0 13 0 0 9
+1 137 137 0 0 1 0 0 1
+1 137 137
+1 137 137
+21 137
+1 137 0 0 1 0 0 1
+1 137
+1 137
+1 137
+1 137
+1 137
+5 12
+1 36
+9 12
+1 12
+1 12
+1 12
+1 12
+1 12
+1 12
+1 12
-7 38
+1 38
+1 38
+1 38
+1 38 0 0 1 0 0 1
+1 38
+1 38
+1 38
+1 46
+1 15
+1 15
+1 15
+2 15
+1 15
+1 15
+1 15 15 0 0 1
+1 15
+1 15
-5 31
+1 31
+1 31
+1 31 31 0 0 2 0 0 2
+1 31
+1 31
+10 4 4
+1 4
+1 4
+2 4 4 0 0 2 0 0 2
+6 4 0 0 1 0 0 1
+1 4
+1 4
+1 4
+1 4
+5 4
+2 4
+1 4
+1 8
+8 4 4 0 0 1
+1 4 4 0 0 1 0 0 1
+3 4
+1 4 0 0 1 0 0 1
+1 4
+1 4
+1 4
+1 4
+31 1 0 0 1 0 0 1
+1 1 1
+1 1 1
+1 1
+1 1
+2 1
+1 1
+1 1
+1 1
+1 1
+1 1
+1 1
447 2 0 0 1 0 0 1
+1 2 2
+1 2 2 0 0 1
+1 2
+1 2
+2 2
+1 2
+1 2
+1 2
+1 2
+1 2
+1 2
+1 2 2 0 1 0 0 1
+3 2
+1 2
+1 2
+6 2
+1 2
+1 4
+4 2
+1 2
+3 2 2
+1 2 2 0 1 0 0 1
+1 2
+3 2
+1 2
+1 2
+6 2
+1 2
+1 2
+1 2
+1 2
+1 2
+7 1
+1 1
+2 1
+1 1
+2 1 1 0 1 0 0 1
+1 1 1
+1 1
+3 1
+1 1
+1 1
+6 1
+1 1
+1 1
+1 1
+1 1
+1 1
696 1 0 0 1 0 0 1
+1 1 1
+1 1 1
+1 1
+1 1
+2 1
+1 1
+1 1
+1 1
+1 1
+1 1
+1 1
821 2 0 0 1 0 0 1
+1 2 2 0 0 2 0 0 1
+1 2 2
+1 2
+1 2
+2 2
+1 2
+1 2
+1 2
+1 2
+1 2
+1 2
+1 2 2 0 1 0 0 1
+4 2
+1 2
+1 2
+6 2
+1 2
+1 4
+4 2
+1 2
+3 2 2
+1 2 2 0 1 0 0 1
+1 2
+3 2
+1 2
+1 2
+6 2
+1 2
+1 2
+1 2
+1 2
+1 2
+72 2 0 0 1 0 0 1
+1 2 2
+1 2 2
+1 2
+1 2
+2 2
+1 2
+1 2
+1 2
+1 2
+1 2
+1 2
+1 2 2 0 1 0 0 1
+4 2
+1 2
+1 2
+6 2
+1 2
+1 4
+4 2
+1 2
+3 2 2 0 0 1 0 0 1
+1 2 2 0 1 1 0 1 1
+1 2
+3 2
+1 2
+1 2
+6 2
+1 2
+1 2
+1 2
+1 2
+1 2
+72 3 0 0 1 0 0 1
+1 3 3
+1 3 3
+1 3
+1 3
+2 3
+1 3
+1 3
+1 3
+1 3
+1 3
+1 3
+1 1 1 0 1 0 0 1
+4 1
+1 1
+1 1
+6 1
+1 1
+1 2
+4 1
+1 1
+3 1 1
+1 1 1 0 1 1 0 1 1
+1 1
+3 1
+1 1
+1 1
+6 1
+1 1
+1 1
+1 1
+1 1
+1 1
+72 4 0 0 1 0 0 1
+1 4 4
+1 4 4
+1 4
+1 4
+2 4
+1 4
+1 4
+1 4
+1 4
+1 4
+1 4
+1 2 2 0 1 0 0 1
+4 2
+1 2
+1 2
+6 2
+1 2
+1 4
+4 2
+1 2
+3 2 2
+1 2 2 0 1 1 0 1 1
+1 2
+3 2
+1 2
+1 2
+6 2
+1 2
+1 2
+1 2
+1 2
+1 2
+7 1
+1 1
+2 1
+1 1
+2 1 1 0 1 0 0 1
+1 1 1
+1 1
+3 1
+1 1
+1 1
+6 1
+1 1
+1 1
+1 1
+1 1
+1 1
+13 1 0 0 1 0 0 1
+1 1
+1 1
+1 1
+7 1
+1 1
+1 1
+16 1 0 0 1 0 0 1
+1 1 1
+1 1 1
+1 1
+1 1
+2 1
+1 1
+1 1
+1 1
+1 1
+1 1
+1 1
1446 1 0 0 1 0 0 1
+1 1 1
+1 1 1
+1 1
+1 1
+2 1
+1 1
+1 1
+1 1
+1 1
+1 1
+1 1
+1 1 1 0 1 0 0 1
+4 1
+1 1
+1 1
+6 1
+1 1
+1 2
+4 1
+1 1
+3 1 1
+1 1 1 0 1 1 0 1 1
+1 1
+3 1
+1 1
+1 1
+6 1
+1 1
+1 1
+1 1
+1 1
+1 1
+72 3 0 0 1 0 0 1
+1 3 3
+1 3 3
+1 3
+1 3
+2 3
+1 3
+1 3
+1 3
+1 3
+1 3
+1 3
+1 1 1 0 1 0 0 1
+4 1
+1 1
+1 1
+6 1
+1 1
+1 2
+4 1
+1 1
+3 1 1
+1 1 1 0 1 0 0 1
+1 1
+3 1
+1 1
+1 1
+6 1
+1 1
+1 1
+1 1
+1 1
+1 1
+72 14 0 0 1 0 0 1
+1 14 14
+1 14 14 0 0 1 0 0 1
+1 14
+1 14
+2 14
+1 14
+1 14
+1 14
+1 14
+1 14
+1 14
+1 2 2 0 1 0 0 1
+4 2
+1 2
+1 2
+6 2
+1 2
+1 4
+4 2
+1 2
+3 2 2 0 0 1 0 0 1
+1 2 2 0 1 0 0 1
+1 2
+3 2
+1 2
+1 2
+6 2
+1 2
+1 2
+1 2
+1 2
+1 2
+72 3 0 0 2 0 0 1
+1 3 3
+1 3 3 0 0 2 0 0 1
+1 3
+1 3
+2 3
+1 3
+1 3
+1 3
+1 3
+1 3
+1 3
+1 3 3 0 2 0 0 1
+4 3
+1 3
+1 3
+6 3
+1 3
+1 6
+4 3
+1 3
+3 3 3 0 0 1 0 0 1
+1 3 3 0 1 1 0 1 1
+1 3
+3 3
+1 3
+1 3
+6 3
+1 3
+1 3
+1 3
+1 3
+1 3
+72 2 0 0 1 0 0 1
+1 2 2 0 0 1 0 0 1
+1 2 2
+1 2
+1 2
+2 2
+1 2
+1 2
+1 2
+1 2
+1 2
+1 2
+1 1 1 0 1 0 0 1
+4 1
+1 1
+1 1
+6 1
+1 1
+1 2
+4 1
+1 1
+3 1 1
+1 1 1 0 1 1 0 1 1
+1 1
+3 1
+1 1
+1 1
+6 1
+1 1
+1 1
+1 1
+1 1
+1 1
+72 7 0 0 1 0 0 1
+1 7 7 0 0 4 0 0 3
+1 7 7 0 0 3 0 0 2
+1 7
+1 7
+2 7
+1 7
+1 7
+1 7
+1 7
+1 7
+1 7
+2 6 6 0 1 0 0 1
+4 6
+1 6
+1 6
+6 6
+1 6
+2 12
+4 6
+1 6
+3 6 6 0 0 2 0 0 2
+1 6 6 0 1 1 0 1 1
+1 6
+3 6
+1 6
+1 6
+6 6
+1 6
+1 6
+1 6
+1 6
+1 6
+7 1
+1 1
+2 1
+1 1
+2 1 1 0 1 0 0 1
+1 1 1
+1 1
+3 1
+1 1
+1 1
+6 1
+1 1
+1 1
+1 1
+1 1
+1 1
+43 27
+2 27
+1 27
+1 27
+1 27
-3 23
+1 23
+1 23
+1 23
+1 30
+5 15
+6 15 15
+1 15 15
+8 15
+1 15 15
-16 160 0 0 1 0 0 1
+6 160 160
+1 160 160
+8 160
+1 160 160

fl=(149) /usr/src/debug/glibc-2.34-25.fc35.x86_64/elf/dl-runtime.c
fn=(522) _dl_fixup
60 20 0 4 1 0 0 1
+2 20 16
+1 4 4
+6 4
fi=(162) /usr/src/debug/glibc-2.34-25.fc35.x86_64/elf/../sysdeps/x86_64/dl-runtime.h
-41 4 0 0 1 0 0 1
fe=(149)
+35 4 4
+5 4 4
+1 4 4
-6 4
+6 8
+1 4 4 0 0 1
+2 4 4
-2 4
+2 4
-2 20 0 4
+7 8 0 0 1 0 0 1
+4 8 4 0 0 1 0 0 1
+4 12 4
+4 12 8 0 0 1
+1 16 4
-7 16 4 0 1 1 0 1
+16 4 4
-1 4
+1 8
+10 40 8 12 1 0 0 1
cfi=(75)
cfn=(280)
calls=4 835 
* 2165 608 268 2 22 3 2 17 3
* 4
+4 20 12
+10 36 12
+7 4 4
+8 16 4 0 1 0 0 1
+4 12 4
fi=(6)
+95 4 0 4
fe=(149)
-91 12 8

fl=(128)
fn=(432)
27 1
+2 2
-2 1 0 1
+6 3
-6 1 0 1
+6 3
-6 1
+6 1 0 1 1 0 0 1
cfi=(127)
cfn=(426)
calls=1 +41 
* 198 51 17 0 7 0 0 7
+4 2
+2 4 3
+2 1
-1 1
+1 2 2
-1 1
cob=(3)
cfi=(129) /usr/src/debug/glibc-2.34-25.fc35.x86_64/elf/libc_early_init.c
cfn=(434) __libc_early_init
calls=1 -7 
* 290 67 32 14 14 4 14 3 4

fl=(50)
fn=(164)
30 3 0 0 1 0 0 1
+2 3 0 3
+9 3
+1 6 3
+1 3 0 3
+4 3 0 3
+1 3 0 3 1 0 0 1
+1 3 0 3 0 0 2 0 0 2
+1 3 0 3
+1 3
+2 6 3
+2 3 0 3
+1 3 3
+1 3
+2 6 3
+2 3 0 3
+8 3
+3 3
+1 3 0 3
+7 3
+1 3 3

fl=(135)
fn=(456)
77 12 0 6 2 0 0 2
+1 1 1 0 0 1
+1 1 1
+3 3 1
+8 2
+25 1 1
+1 5 0 0 1 0 0 1
+1 5 2
-1 1
+1 1 0 1
cfn=(458) call_init
calls=1 -90 
* 35 14 6 0 2
* 15 6
-1 3
+1 3 0 3
cfn=(458)
calls=3 -90 
* 216 65 28 14 13 3 14 1 1
-1 8
+7 8 7 0 1 0 0 1
-39 1 0 1 1 0 0 1
cfn=(458)
calls=1 -57 
* 78 24 8 7 2 0 7
+1 2 0 1

fn=(458)
27 40 0 25 1 0 0 1
+4 5 5
-4 5
+4 15 5
+2 15 5
+9 4 4
-3 8 0 4 1 0 0 1
+3 8 4 0 0 4
+5 6 3
+8 9 3 0 0 2
+1 6 2 1 0 1
cob=(2)
cfi=(48)
cfn=(460)
calls=1 -56 
* 7 2 0 1 0 0 1
+3 3 3 0 0 1
+1 6 0 0 1 0 0 1
+6 4 4 0 0 1
+2 4 4
-2 2
+3 13
+1 4 1 1
cob=(3)
cfi=(140) /usr/src/debug/glibc-2.34-25.fc35.x86_64/libio/vtables.c
cfn=(478) check_stdfiles_vtables
calls=1 +13 
* 12 7 0 2 4 0 2
* 8 2 2
cob=(3)
cfi=(137) /usr/src/debug/glibc-2.34-25.fc35.x86_64/csu/init-first.c
cfn=(470) _init_first
calls=1 -24 
* 92 18 9 12 4 3 12 1 1
cob=(4) /usr/libexec/valgrind/vgpreload_core-amd64-linux.so
cfi=(136) ???
cfn=(464) 0x0000000000001140
calls=1 -70 
* 12 1 0 2 0 0 2
-1 9 0 0 1 0 0 1
+3 30 30
-29 2

fl=(13)
fn=(104)
46 5 0 3 1 0 0 1
+2 3 1
+85 5 4
-45 2 0 1 1 0 1 1 0 1
cfi=(35)
cfn=(106)
calls=1 +32 
* 6 1 0 1 0 0 1
+15 1
-15 2
+20 1
-1 1
+3 12 3 0 1 1 0 1 1
+4 3 3
-2 6
+2 11
+3 2
-1 2
+1 6
-3 8 2
+7 3
-1 3 0 0 1 0 0 1
+4 3
-2 3
+2 10
+5 2

fl=(148)
fn=(520)
67 4 0 0 1 0 0 1
+5 4 0 4
+3 4
+2 4
+10 4 4
+6 4 0 4
+1 4 0 4
+1 4 0 4 1 0 0 1
+1 4 0 4
+1 4 0 4
+1 4 0 4
+1 4 0 4
+4 4
+1 4
+3 4 0 4 0 0 1
+1 4 0 4
+2 4 0 4
+1 4 0 4
+1 4 0 4 1 0 0 1
+1 4 0 4
+1 4 0 4
+1 4 0 4
+2 4 0 136 0 0 4 0 0 1
+7 4 4
+1 4 4
+1 4 0 4
cfi=(149)
cfn=(522)
calls=4 -66 
* 2513 728 292 8 26 3 8 18 3
+1 4
+5 4
+1 4
+1 4 144
+2 4 4 0 1 0 0 1
+1 4 4
+1 4 4
+1 4 4
+1 4 4
+1 4 4
+1 4 4
+2 4
+2 4 4
+4 4
+3 4

fl=(47)
fn=(152)
28 1 0 0 1 0 0 1
+2 1
+7 1
+1 1
+2 1
+1 1
+1 1
+1 1
+1 33 0 32 0 0 4 0 0 4
+3 3 0 0 1 0 0 1
+7 1 1 0 0 1 0 0 1
+1 1
+1 1
+1 1 0 1
+2 1 1
+1 1
+1 1
+1 1 0 1
+2 1 1
+1 1
+1 1
+9 3 0 0 1 0 0 1
+12 1
+2 1 1
+1 1 1
+1 1
-4 12
+2 12 12 0 0 1 0 0 1
+1 12 12
+1 12
+2 13 13
+1 13 13
+1 13
+2 13 13
+1 13 13
+1 13
+2 13 13
+1 13 13
+1 13
+2 1
+1 1
+1 1
+2 1
+7 1
+4 1 1

fl=(22)
fn=(62)
41 13 0 0 1 0 0 1
+44 13
+1 13
+1 13
+1 13 0 0 1 0 0 1
+1 13
+1 13
+1 13
+2 13
+2 13
+31 13 13 0 0 2 0 0 2
+1 13
+1 13
+1 13
+1 13
+1 7
+2 7 7
+4 6
+1 6 6
+1 6 6 0 0 1 0 0 1
+1 6 6 0 1 0 0 1
+1 6
+1 6
+1 6
+1 6
+1 6
+1 6
+1 6
+1 6
+5 48 6

fl=(23)
fn=(64)
37 5 0 2
+3 1 1 0 1 0 0 1
+18 2
+4 2
+16 5 3

fl=(24)
fn=(88)
41 8
+2 16 8

fn=(68)
48 1 0 0 1 0 0 1
+3 3 0 2 0 0 1 0 0 1
+1 3 0 2 1 0 0 1
+1 3 0 2
+3 2 0 1
+1 1 0 1
+2 1 1

fn=(264)
63 2 0 1 1 0 0 1
fi=(163) /usr/src/debug/glibc-2.34-25.fc35.x86_64/elf/../include/list.h
-18 1
fe=(24)
+18 1
fi=(163)
-19 1 1 0 0 1
fe=(24)
+20 1 1
+3 1
fi=(163)
-23 1 0 1
+1 1 0 1
+1 1 0 1
+2 1 0 1
fe=(24)
+22 4 0 1 1 0 0 1
+1 2 0 1
+1 1 0 1
+5 2 1 1 0 1 0 0 1
+5 1 0 0 1 0 0 1
+6 1
-3 1 0 1
+3 1
-6 1 0 1
+2 1 0 1
+4 1
+13 4 0 1
cfi=(10)
cfn=(24)
calls=1 403 
* 20 4 1 0 1
fi=(72) /usr/src/debug/glibc-2.34-25.fc35.x86_64/elf/../sysdeps/unix/sysv/linux/rseq-internal.h
-69 3 1 0 1 0 0 1
+8 1 0 1
fe=(24)
+69 2 1 1
+2 1 0 1 1 0 0 1
+1 1 0 1
+1 3 2

fl=(58)
fn=(196)
48 24 0 0 1 0 0 1
+3 24
+8 48
+2 12 12

fl=(74)
fn=(410) _dl_protect_relro
329 4 0 0 1 0 0 1
+1 4 4
-1 8 0 4
+1 16 8
+3 4 4
-3 4
+3 4
+4 8
+7 8 8
-6 12 0 4 1 0 0 1
cfi=(68)
cfn=(232)
calls=4 117 
* 24 4
* 8

fn=(272)
168 44 0 24 1 0 0 1
+15 4
-15 8 0 8
+15 4
+1 20 4 4 1 1 0 1
+6 8 4
+6 20 8
-18 6
+22 6
+7 16 4 4 1 0 0 1
+40 4 4
fi=(6)
75 4 4
fe=(74)
247 4 4
fi=(6)
75 8
fe=(74)
247 12 4 4
fi=(6)
75 8 0 0 1 0 0 1
fe=(74)
275 146 53 25 2 11 0 2
-96 10 0 2
fi=(6)
482 8 0 4
fe=(74)
275 2 2
fi=(5)
47 2
-1 2
+1 2 0 2
fe=(74)
275 2 2
fi=(5)
58 4
fe=(74)
179 10 0 2 1 0 0 1
fi=(6)
482 8 0 4
fe=(74)
275 2 2
fi=(5)
47 2
-1 2
+1 2 0 2
fe=(74)
275 2 2
fi=(5)
58 4 0 0 1 0 0 1
fe=(74)
275 4 4
fi=(5)
47 4
-1 4
+1 4 0 4
fe=(74)
275 4 4
fi=(5)
58 8
+3 2
-10 4 2
-1 2
+11 4
fi=(6)
553 22 11
+4 22
+3 33 11
+1 11 0 11 0 0 1 0 0 1
fi=(5)
61 33
+2 44 11 0 1 4 0 1 4
+11 4
fe=(74)
275 32 16 8 1 0 0 1
+3 16 4
+24 4 0 4
+3 8 4 0 1 0 0 1
+17 8 4 0 0 2
fi=(6)
85 6 2 0 1 2 0 1 1
+14 2 2
-8 2 0 2
+8 4
+20 4 2
+4 8 2 0 0 1
-2 2 0 2
fe=(74)
275 4 2 0 0 1
-78 8 4 0 1 3 0 1
+3 3 0 0 1 0 0 1
fi=(5)
84 6 6 0 1 0 0 1
+14 6
-14 30 12 6 1 0 0 1
+2 12
+12 12
+10 8
+3 10
+1 2 2 0 0 1 0 0 1
fi=(6)
537 2 2
fi=(5)
112 2
fi=(6)
537 4
fi=(5)
112 1198 1198 0 0 150 0 0 150
fi=(6)
537 1198 1198 0 0 149 0 0 149
fi=(5)
112 1198
fi=(6)
537 2396
+5 2400 0 0 1 0 0 1
+1 1200 1200 0 0 151 0 0 151
fi=(5)
111 1200
fi=(6)
543 1200
-5 1200 0 1200 0 0 221 0 0 219
fi=(5)
111 2400
+7 24 6 6 0 4 1
+4 25 15 5 1 4 0 1
+2 10 5 0 0 1
-74 3
fi=(6)
492 3 0 3
fi=(5)
51 3 0 3 0 0 1
fi=(6)
492 6 0 3
fi=(5)
127 596 149 0 1 45 0 1 42
+9 214 107
+3 107 107
-3 107
+3 107 107
-1 107 107 0 0 1
-2 107 107 0 0 54 0 0 49
+1 428 107 107 1 0 0 1
fi=(6)
271 214
+21 214
+4 214
+7 428 107 0 0 72 0 0 67
fi=(4)
137 273 91 0 1 0 0 1
fi=(6)
303 1480 110 0 0 4 0 0 1
fi=(5)
138 19
fi=(6)
303 19 0 19
fi=(5)
138 19
fi=(6)
303 19 0 19
fi=(5)
138 19
fi=(6)
303 38
fi=(5)
138 69 0 0 1 0 0 1
fi=(6)
303 69 0 69
fi=(5)
138 69
fi=(6)
303 69 0 69
fi=(5)
138 69
fi=(6)
303 1282 352 352 1 4 1 1
cfi=(75)
cfn=(280)
calls=88 835 
* 49666 13609 5900 53 316 9 51 264 4
* 616 352 176 1 0 1 1
+1 273
+30 642 107 0 0 2 0 0 2
458 180 90 90 0 10 16 0 9 12
+1 90
fi=(5)
124 447 149 0 1 0 0 1
+19 12 6
+1 6 2
fi=(6)
303 4 0 2 1 0 0 1
+21 2
-21 6 0 2
fi=(5)
144 168
+1 168 56
+3 84 42 0 1 0 0 1
+2 42 42
+2 84 84
-4 42 42
+2 42
+1 42 42
-1 84 0 42
fi=(6)
303 168 42
516 42 42 0 1 0 0 1
-1 84 84
+1 84
+1 42 0 42
cfi=(15)
cfn=(430)
calls=1 71 
* 6 2 0 1 0 0 1
cob=(3)
cfi=(123) /usr/src/debug/glibc-2.34-25.fc35.x86_64/string/../sysdeps/x86_64/multiarch/rawmemchr.c
cfn=(406) rawmemchr
calls=1 31 
* 23 4 0 2 0 0 2
cob=(3)
cfi=(122) /usr/src/debug/glibc-2.34-25.fc35.x86_64/string/../sysdeps/x86_64/multiarch/strncase.c
cfn=(404) strncasecmp
calls=1 31 
* 7 3 0 1 0 0 1
cob=(3)
cfi=(121) /usr/src/debug/glibc-2.34-25.fc35.x86_64/string/../sysdeps/x86_64/multiarch/mempcpy.c
cfn=(400) mempcpy
calls=1 33 
* 22 4 0 3 0 0 3
cob=(3)
cfi=(120) /usr/src/debug/glibc-2.34-25.fc35.x86_64/string/../sysdeps/x86_64/multiarch/strspn.c
cfn=(398) strspn
calls=1 29 
* 7 3 0 2 0 0 2
cob=(3)
cfi=(118) /usr/src/debug/glibc-2.34-25.fc35.x86_64/string/../sysdeps/x86_64/multiarch/memchr.c
cfn=(394) memchr
calls=1 29 
* 23 4 0 3 0 0 3
cob=(3)
cfi=(117) /usr/src/debug/glibc-2.34-25.fc35.x86_64/string/../sysdeps/x86_64/multiarch/stpcpy.c
cfn=(390) stpcpy
calls=1 33 
* 17 4 0 2 0 0 2
cob=(3)
cfi=(115) /usr/src/debug/glibc-2.34-25.fc35.x86_64/wcsmbs/../sysdeps/x86_64/multiarch/wmemcmp.c
cfn=(386) wmemcmp
calls=1 29 
* 22 5 0 2 0 0 2
cob=(3)
cfi=(114) /usr/src/debug/glibc-2.34-25.fc35.x86_64/string/../sysdeps/x86_64/multiarch/strncpy.c
cfn=(382) strncpy
calls=1 29 
* 17 4 0 2 0 0 2
cob=(3)
cfi=(113) /usr/src/debug/glibc-2.34-25.fc35.x86_64/string/../sysdeps/x86_64/multiarch/strlen.c
cfn=(378) strlen
calls=1 29 
* 21 4 0 2 0 0 2
cob=(3)
cfi=(112) /usr/src/debug/glibc-2.34-25.fc35.x86_64/string/../sysdeps/x86_64/multiarch/strcasecmp_l.c
cfn=(376) strcasecmp_l
calls=1 31 
* 7 3 0 1 0 0 1
cob=(3)
cfi=(111) /usr/src/debug/glibc-2.34-25.fc35.x86_64/string/../sysdeps/x86_64/multiarch/strcpy.c
cfn=(372) strcpy
calls=1 29 
* 17 4 0 3 0 0 3
cob=(3)
cfi=(110) /usr/src/debug/glibc-2.34-25.fc35.x86_64/string/../sysdeps/x86_64/multiarch/strchrnul.c
cfn=(368) strchrnul
calls=1 31 
* 21 4 0 2 0 0 2
cob=(3)
cfi=(109) /usr/src/debug/glibc-2.34-25.fc35.x86_64/string/../sysdeps/x86_64/multiarch/memrchr.c
cfn=(364) memrchr
calls=1 29 
* 21 4 0 2 0 0 2
cob=(3)
cfi=(107) /usr/src/debug/glibc-2.34-25.fc35.x86_64/wcsmbs/../sysdeps/x86_64/multiarch/wmemset.c
cfn=(360) wmemset
calls=2 31 
* 38 8 0 2 0 0 2
cob=(3)
cfi=(105) /usr/src/debug/glibc-2.34-25.fc35.x86_64/string/../sysdeps/x86_64/multiarch/memcmp.c
cfn=(356) bcmp
calls=1 29 
* 22 5 0 2 0 0 2
cob=(3)
cfi=(104) /usr/src/debug/glibc-2.34-25.fc35.x86_64/string/../sysdeps/x86_64/multiarch/strncase_l.c
cfn=(354) strncasecmp_l
calls=1 31 
* 7 3 0 2 0 0 2
cob=(3)
cfi=(103) /usr/src/debug/glibc-2.34-25.fc35.x86_64/string/../sysdeps/x86_64/multiarch/strcat.c
cfn=(350) strcat
calls=1 29 
* 17 4 0 3 0 0 3
cob=(3)
cfi=(102) /usr/src/debug/glibc-2.34-25.fc35.x86_64/wcsmbs/../sysdeps/x86_64/multiarch/wcscpy.c
cfn=(348) wcscpy
calls=1 43 
* 7 3 0 1 0 0 1
cob=(3)
cfi=(101) /usr/src/debug/glibc-2.34-25.fc35.x86_64/string/../sysdeps/x86_64/multiarch/strcspn.c
cfn=(346) strcspn
calls=1 29 
* 7 3 0 1 0 0 1
cob=(3)
cfi=(100) /usr/src/debug/glibc-2.34-25.fc35.x86_64/string/../sysdeps/x86_64/multiarch/strcasecmp.c
cfn=(344) strcasecmp
calls=1 31 
* 7 3 0 1 0 0 1
cob=(3)
cfi=(99) /usr/src/debug/glibc-2.34-25.fc35.x86_64/string/../sysdeps/x86_64/multiarch/strncmp.c
cfn=(342) strncmp
calls=1 67 
* 17 4 0 3 0 0 3
cob=(3)
cfi=(97) /usr/src/debug/glibc-2.34-25.fc35.x86_64/wcsmbs/../sysdeps/x86_64/multiarch/wmemchr.c
cfn=(338) wmemchr
calls=2 31 
* 46 8 0 3 0 0 3
cob=(3)
cfi=(95) /usr/src/debug/glibc-2.34-25.fc35.x86_64/string/../sysdeps/x86_64/multiarch/stpncpy.c
cfn=(334) stpncpy
calls=1 31 
* 17 4 0 3 0 0 3
cob=(3)
cfi=(94) /usr/src/debug/glibc-2.34-25.fc35.x86_64/wcsmbs/../sysdeps/x86_64/multiarch/wcscmp.c
cfn=(330) wcscmp
calls=1 30 
* 21 4 0 2 0 0 2
cob=(3)
cfi=(93) /usr/src/debug/glibc-2.34-25.fc35.x86_64/string/../sysdeps/x86_64/multiarch/memmove.c
cfn=(326) memmove
calls=2 29 
* 44 8 0 4 0 0 4
cob=(3)
cfi=(92) /usr/src/debug/glibc-2.34-25.fc35.x86_64/string/../sysdeps/x86_64/multiarch/strrchr.c
cfn=(322) rindex
calls=1 28 
* 21 4 0 2 0 0 2
cob=(3)
cfi=(91) /usr/src/debug/glibc-2.34-25.fc35.x86_64/string/../sysdeps/x86_64/multiarch/strchr.c
cfn=(320) index
calls=1 61 
* 19 4 0 2 0 0 2
cob=(3)
cfi=(89) /usr/src/debug/glibc-2.34-25.fc35.x86_64/wcsmbs/../sysdeps/x86_64/multiarch/wcschr.c
cfn=(316) wcschr
calls=2 31 
* 42 8 0 3 0 0 3
cob=(3)
cfi=(87) /usr/src/debug/glibc-2.34-25.fc35.x86_64/string/../sysdeps/x86_64/multiarch/memcpy.c
cfn=(312) memcpy@@GLIBC_2.14
calls=1 29 
* 22 4 0 3 0 0 3
cob=(3)
cfi=(86) /usr/src/debug/glibc-2.34-25.fc35.x86_64/wcsmbs/../sysdeps/x86_64/multiarch/wcslen.c
cfn=(308) wcslen
calls=1 29 
* 19 4 0 3 0 0 3
cob=(3)
cfi=(84) /usr/src/debug/glibc-2.34-25.fc35.x86_64/string/../sysdeps/x86_64/multiarch/memset.c
cfn=(304) memset
calls=1 29 
* 24 4 0 2 0 0 2
cob=(3)
cfi=(82) /usr/src/debug/glibc-2.34-25.fc35.x86_64/wcsmbs/../sysdeps/x86_64/multiarch/wcsnlen.c
cfn=(300) wcsnlen
calls=1 29 
* 19 4 0 2 0 0 2
cob=(3)
cfi=(81) /usr/src/debug/glibc-2.34-25.fc35.x86_64/string/../sysdeps/x86_64/multiarch/strcmp.c
cfn=(298) strcmp
calls=1 66 
* 17 4 0 2 0 0 2
cob=(3)
cfi=(80) /usr/src/debug/glibc-2.34-25.fc35.x86_64/string/../sysdeps/x86_64/multiarch/strpbrk.c
cfn=(296) strpbrk
calls=1 29 
* 7 3 0 1 1 0 1
cob=(3)
cfi=(78) /usr/src/debug/glibc-2.34-25.fc35.x86_64/string/../sysdeps/x86_64/multiarch/strnlen.c
cfn=(292) strnlen
calls=2 31 
* 42 8 0 2 1 0 2
cob=(3)
cfi=(76) /usr/src/debug/glibc-2.34-25.fc35.x86_64/string/../sysdeps/x86/cacheinfo.c
cfn=(288) __x86_cacheinfo
calls=1 86 
* 28 9 8 3 2 3 3 0 3
+1 42 0 42 1 0 3 1 0 1
+4 42
-92 51 17 0 1 0 0 1
+4 68 17 0 0 1
+5 51 34 0 0 2 0 0 2
+9 34 0 17 0 0 6 0 0 6
+44 32
304 154 122 0 1 0 0 1
+3 106
-3 106 106
+3 212
fi=(5)
129 252 42 84 1 0 0 1
fi=(6)
304 90 90 0 1 0 0 1
+3 90 90
-3 516 126 0 1 0 0 1
+3 84
fe=(74)
-32 4 4 0 1 0 0 1
fi=(5)
48 4 4
fe=(74)
275 30 12 0 1 1 0 1
fi=(6)
+28 29 13 6 1 0 0 1
fi=(5)
108 3 1 0 0 1 0 0 1
fe=(74)
323 8 0 4 1 0 0 1
cfn=(410)
calls=4 +6 
* 104 28 8 2 0 0 2
+1 32 28 0 0 1
-49 4 0 0 1 0 0 1
fi=(5)
50 1
160 5 1 1
+2 24 6 0 1 2 0 1 2
+9 18 12 6
-1 36 6 6
fi=(6)
271 12 0 0 1 0 0 1
+21 12
+4 12
+7 24 6 0 0 3 0 0 3
fi=(4)
137 18 6
fi=(6)
303 168 24 36 2 1 0 2 1
cfi=(75)
cfn=(280)
calls=6 835 
* 3024 779 340 5 13 0 5 12
* 42 24 12 1 0 0 1
+1 18
+30 36 6 0 0 1 0 0 1
458 18 12 6 1 1 1 1 1 1
+1 6
fi=(5)
160 18 6
+14 4 1 0 1 0 0 1
fi=(6)
304 2 2 0 1 0 0 1
+3 2
-3 2 2
+3 4
-3 2 2 0 1 0 0 1
+3 2 2
-3 4
81 6 4 0 1 1 0 1
fe=(74)

fl=(45)
fn=(142)
46 4 0 0 2 0 0 1
+3 8
+5 6
+5 1
-1 1 0 1
+1 3 1
+1 2 0 1
-1 1 0 1
+5 1 1
-14 4 4 0 2 0 0 1
+4 8 4 0 0 1
+3 1 0 1
+1 5 3 0 1 0 0 1

fn=(148)
73 2 0 0 2 0 0 1
+1 2 2

fl=(41)
fn=(124)
23 14 0 0 1 0 0 1
+1 14
+1 14
+1 14
+1 14
+1 14
+1 14
+1 14
+1 14
+1 14 14 0 0 2 0 0 2
+1 14
+1 14
+1 14
+1 14
+1 14
+1 14 0 0 1 0 0 1
+1 14
+1 14
+1 12
+4 12
+1 12
+1 12 12
+1 12
+2 12 12
+4 2 2
+1 2
+1 2
+1 2
+1 2
+1 2
+1 2 2
+1 2 0 0 1 0 0 1
+1 2
+1 2
+1 2
+1 2
+1 2
+1 2 2
+1 2
+1 2
+1 2
+1 2
+1 2
+1 2
+1 2
+1 2
+1 2
+1 2 0 0 1 0 0 1
+52 2 0 0 1 0 0 1
+4 2
+1 2
+1 2 2
+1 2 0 0 1 0 0 1
+2 2 2

fl=(67)
fn=(230)
25 8 0 0 1 0 0 1
+1 16
+1 4 4

fl=(16)
fn=(34)
399 1 0 1 1 0 0 1
+16 1
-16 6 0 5
+3 1 0 1 0 0 1 0 0 1
+1 1 0 1 1 0 0 1
+1 1 0 1
+11 2 0 1
+3 6
692 3 1 0 1 0 0 1
+1 1 0 1 1 0 0 1
+3 2
+1 1 0 1
+6 1 0 1
+1 1 0 1
+1 1 0 1
+1 2 0 2
fi=(19)
+2 1 0 1 1 0 0 1
+14 2
842 1 1 0 1 0 0 1
-2 1 0 1 0 0 1 0 0 1
+1 1 0 1
+1 1 0 1 1 0 0 1
+1 1 1
+5 1 0 1 0 0 1 0 0 1
-5 1 0 1
+1 1 1
+6 1 0 1
-6 1 0 1
+1 1 1
+6 1 0 1
-6 1 0 1
+1 2 1 1 1 0 0 1
+1 2 1 1
+2 2 1 1
+23 1 1
-1 2 1
+26 2 1 0 1 0 0 1
+20 2
-20 1
+8 2 1
+12 2 0 1
-12 1 0 1
+12 1 0 1
cfi=(10)
cfn=(24)
calls=1 403 
* 21 4 1 0 1 0 0 1
* 1 1 0 1 0 0 1
+5 2
-3 3 1 1
+3 2 0 1
cfi=(10)
cfn=(24)
calls=1 403 
* 21 4 1
* 1 1
+2 1 1
+3 2
-3 2
+3 2 0 1 1 0 0 1
cfi=(10)
cfn=(24)
calls=1 403 
* 21 4 1 0 1 0 0 1
* 1 1
+2 2
+3 4 0 1
cfi=(10)
cfn=(24)
calls=1 403 
* 21 4 1
* 1 1
+7 2
+3 1 0 0 1 0 0 1
-8 2
+5 2 0 1
cfi=(10)
cfn=(24)
calls=1 403 
* 21 4 1 0 1 0 0 1
+3 3 1
-3 1 1
+3 4 0 2
-3 1 0 1 1 0 0 1
+3 2 0 2
cfi=(10)
cfn=(54)
calls=1 158 
* 45 7 4 5 0 0 5
+1 8 0 4 1 0 0 1
cfi=(10)
cfn=(54)
calls=1 158 
* 45 7 4
+1 9 1 4
cfi=(10)
cfn=(54)
calls=1 158 
* 45 7 4
+2 9 0 4 1 0 0 1
cfi=(10)
cfn=(54)
calls=1 158 
* 45 7 4
+2 9 1 4 1 0 0 1
cfi=(10)
cfn=(54)
calls=1 158 
* 45 7 4
+6 1 1
-2 1 1
fe=(16)
711 3 0 0 1 0 0 1
fi=(19)
953 1 0 1
+1 1 0 1
+1 2 0 1
+2 1 1
-5 1 0 1
+5 1 0 1
-1 1 0 1
fe=(16)
711 1 0 1
cfi=(10)
cfn=(24)
calls=1 403 
* 19 4 1 0 1 0 0 1
+4 3 1 0 1 0 0 1
+14 1 1
-1 2
+1 3
+47 1 1 0 1 0 0 1
-1 1 0 1
+1 1
+46 4 0 1 1 0 0 1
cfi=(10)
cfn=(24)
calls=1 403 
* 19 4 1 0 1 0 0 1
+2 4 0 1
cfi=(10)
cfn=(24)
calls=1 403 
* 19 4 1
fi=(21) /usr/src/debug/glibc-2.34-25.fc35.x86_64/elf/../sysdeps/unix/sysv/linux/x86/cpu-features.c
27 6
fe=(16)
834 2 0 1 1 0 0 1
+45 8 7
fi=(19)
* 10 0 0 2 0 0 2
fe=(16)
-99 3 1 0 1 0 0 1
+27 2 0 1
-10 2 0 0 1 0 0 1
+1 3 1
+2 3
+1 2 1 0 1 0 0 1
+2 3
+1 2
fi=(19)
-80 2 0 1 2 0 0 2
cfn=(46)
calls=1 255 
* 445 47 19 13 6 1 13 6 1
+1 1
-1 2 0 1 0 0 1 0 0 1
+1 1 0 1
cfn=(46)
calls=1 255 
* 483 47 19
+1 1
-1 1
+1 1 0 1
cfn=(46)
calls=1 255 
* 508 47 19
+3 1
-3 2 0 1
+3 1 0 1
cfn=(46)
calls=1 255 
* 464 47 19
+2 1
-2 1 0 1
+2 1 0 1 1 0 0 1
cfn=(46)
calls=1 255 
* 456 47 19
+3 1
-2 1 0 1
-1 1 0 1
+3 1 0 1
cfn=(46)
calls=1 255 
* 436 47 19 1 0 0 1
+2 1
-2 1 0 1
+2 1 0 1
cfn=(46)
calls=1 255 
* 437 47 19
+3 1
-2 1 0 1
-1 1 0 1
+3 1 0 1
cfn=(46)
calls=1 255 
* 474 47 19
+2 1 0 0 1 0 0 1
-2 1 0 1
+2 1 0 1
cfn=(46)
calls=1 255 
* 475 47 19
+3 1
-3 1 0 1
+3 1 0 1
cfn=(46)
calls=1 255 
* 499 47 19
+2 1
-2 1 0 1
+2 1 0 1
cfn=(46)
calls=1 255 
* 500 47 19
+2 1
-2 1 0 1
+2 1 0 1
cfn=(46)
calls=1 255 
* 799 80 27 0 1 0 0 1
+2 3 0 0 1 0 0 1
-2 1
+2 1 0 1
cfn=(52)
calls=1 481 
* 218 19 14 12 0 0 12
* 2 2
863 10 2 2 1 0 0 1
fe=(16)
424 6 0 1 2 0 1 2 0 1
cfn=(36) get_common_indices.constprop.0
calls=1 -99 
* 71 9 22 7 0 3 7 0 3
303 3
+1 2
+1 6 0 4
+5 2
+1 6 0 4 1 0 0 1
+5 2
+1 6 0 4
429 1 0 1 1 0 0 1
cfn=(40) update_active.constprop.0
calls=1 43 
* 185 35 30 18 1 2 18 1 2
+2 1 1
+85 1 1
-85 2
564 2 1
+24 2 1
705 1 1 0 1 0 0 1
422 2
-3 1
574 1 1 0 1 0 0 1
-4 1
+6 1
-6 1
+6 2
+6 1
-6 1 0 1
+6 1
+2 3 0 1 1 0 0 1
433 3 2 1 1 0 0 1
+1 4 0 0 1 0 0 1
+69 2 1
+10 11 1 0 1 1 0 1 1
+42 1 0 1
+1 1
434 10 0 0 2 0 0 2
+55 2 1

fn=(36)
325 1 0 1 1 0 0 1
+4 4
+3 3 0 1
+5 2
-5 1 0 1 1 0 0 1
+5 1
-5 1 0 1
+4 1 0 1
+1 1 0 1
+1 4 0 1
+1 4 0 1
+1 3 0 1
+1 2 1
+7 2 1 0 1 0 0 1
+2 5
+5 1
-5 1 0 1 0 0 1 0 0 1
+5 1
-5 1 0 1
+5 1
-5 2 0 2
+5 1
+7 1 1 0 1 0 0 1
-7 4 0 4 0 0 1 0 0 1
+7 1
+1 3
+6 1 1
-6 4 0 4 1 0 1 1 0 1
+6 1
fi=(17) /usr/src/debug/glibc-2.34-25.fc35.x86_64/elf/../sysdeps/unix/sysv/linux/x86/dl-minsigstacksize.h
24 2 1 0 1 0 0 1
+3 2 1
+1 2 1
+37 3
+7 1
+2 1 0 1 1 0 0 1
fe=(16)
384 2 2

fn=(40)
43 7 0 6 1 0 0 1
+4 1 1
+28 1 1
-18 1 1 0 1 0 0 1
+9 1 1
-10 1
-1 1
+25 1
-4 1
-20 1
+9 1
+11 1
-2 1
-19 2 1
+25 1
-15 1
-9 1 0 0 1 0 0 1
+9 1 1
+11 1 0 1 0 0 1 0 0 1
+25 1
-21 1
+8 1 1
-4 1 1
-10 1
-9 1 0 1
+9 1 1
+27 1
+4 1
-17 1 0 1
+4 1 0 0 1 0 0 1
+1 1 1
+8 1
-9 1
-12 1 0 1
+24 1
-12 1 1
+1 2 0 1
+1 1 1
-2 1 0 1
+2 2 0 1 1 0 0 1
+1 1 1
+2 1
-2 1 0 1
+2 3 1 1
+1 3 1 1 0 1 0 0 1
+3 2
+3 1 0 0 1 0 0 1
+1 1
-1 1 1
+1 1 1
-1 1 0 1
-3 1 0 1
+4 1 0 1
+4 2
+4 2
+2 4
+96 1 1 0 1 0 0 1
-1 2 0 1
+4 3 1
+4 1 1
-4 1 0 1
+4 1
+67 3 1 0 1 0 0 1
+4 3 1
fi=(18)
31 1
-3 1
+3 1
-1 2
fe=(16)
296 1 0 1
+1 8 7
-75 3 0 0 1 0 0 1
+1 2
+3 1
-1 1
+9 1
-5 1
+2 1 0 1 1 0 0 1
-2 1 0 1
+5 1
fi=(18)
32 3 0 0 1 0 0 1
+4 3
fe=(16)
+83 2 0 0 1 0 0 1
+2 1
+3 2
+10 1 1
+10 2
-10 1
+10 1 0 1 1 0 0 1
-10 2 0 1
+6 4 0 1
+2 4 1 1
+7 4 0 0 1 0 0 1
+49 1
+12 1 1
-12 2
fi=(18)
39 3 1 0 1 0 0 1
+1 4 1
+5 1 0 0 1 0 0 1
-7 1
+7 3
+2 1
+1 2
+1 3 1
+2 4 0 0 1 0 0 1
+1 2
+1 2
+6 1
-4 1
+4 1
-3 2
fe=(16)
+75 1 0 1 1 0 1 1 0 1
-5 2 0 1
+4 1

fl=(14)
fn=(28)
35 1 0 0 1 0 0 1
+1 3 0 1 0 0 1 0 0 1
+1 2
+6 1
+1 1 1

fl=(69)
fn=(236)
30 20 0 6 1 0 0 1
+4 2
+1 4 0 0 1 0 0 1
+11 2
-1 4 2
+18 8 8 0 1 0 0 1

ob=(4)
fl=(136)
fn=(464)
0 12 1 0 2 0 0 2

ob=(3)
fl=(80)
fn=(296)
29 1 0 0 1 0 0 1
fi=(164) /usr/src/debug/glibc-2.34-25.fc35.x86_64/string/../sysdeps/x86_64/multiarch/ifunc-sse4_2.h
+1 5 2 0 0 1
fe=(80)
-1 1 1

fl=(145) /usr/src/debug/glibc-2.34-25.fc35.x86_64/setjmp/../sysdeps/x86_64/bsd-_setjmp.S
fn=(504) _setjmp
28 1 0 0 1 0 0 1
+2 1
+2 1
cfi=(146) /usr/src/debug/glibc-2.34-25.fc35.x86_64/setjmp/../sysdeps/x86_64/setjmp.S
cfn=(506) __sigsetjmp
calls=1 -2 
* 31 7 10 3 1 0 3

fl=(139)
fn=(476)
46 1 0 0 1 0 0 1
+1 1
+1 1
+2 1
+1 1 0 0 1 0 0 1
+3 1
+1 1
+1 1
+33 1 0 0 1 0 0 1
+1 1
+1 1 1 0 0 1
+1 1
+1 1
+1 1
+1 1
+1 1
+1 1
+1 1 0 0 1 0 0 1
+3 1
+1 1
+2 1
+1 1
+2 1
+13 1 1 0 0 1
+1 1
+1 1
+1 1
+1 1 0 0 1 0 0 1
+1 1
+1 1
+1 1
+32 1 0 0 1 0 0 1
+1 1
+19 1 0 0 1 0 0 1
+1 1
+1 1
+15 1
+1 1
+1 1
+1 1
+1 1
+2 1
+1 1
+1 1
+1 2 1

fl=(152)
fn=(540)
209 2 0 1 1 0 0 1
+1 1
-1 1
+1 3 0 1 0 0 1 0 0 1
+1 3 0 1
cfi=(153) /usr/src/debug/glibc-2.34-25.fc35.x86_64/stdlib/random_r.c
cfn=(542) srandom_r
calls=1 -49 
* 6179 1555 963 6 1 1 6 0 1
+1 4 1 1 1 0 0 1
+1 2 2

fn=(590) random
288 8551062 0 0 1 0 0 1
+3 4275531
-3 12826593 4275531 4275531
+3 8551062 0 4275531 1 0 0 1
+2 12826593 0 4275531
cfi=(153)
cfn=(592) random_r
calls=4275531 +61 
* 119439028 34204248 17102124 3 1 0 3
+2 17102124 4275531 4275531
+2 4275531 4275531
+1 21377655 12826593

fl=(113)
fn=(378)
29 1 0 0 1 0 0 1
fi=(79) /usr/src/debug/glibc-2.34-25.fc35.x86_64/string/../sysdeps/x86_64/multiarch/ifunc-avx2.h
+4 5 2
-1 2
+2 3 1
+2 2
+4 3 0 0 1 0 0 1
+3 4
fe=(113)
-14 1 1

fl=(109)
fn=(364)
29 1 0 0 1 0 0 1
fi=(79)
+4 5 2
-1 2
+2 3 1
+2 2
+4 3 0 0 1 0 0 1
+3 4
fe=(109)
-14 1 1

fl=(110)
fn=(368)
31 1 0 0 1 0 0 1
fi=(79)
+2 5 2
-1 2
+2 3 1 0 1 0 0 1
+2 2
+4 3
+3 4
fe=(110)
-12 1 1

fl=(101)
fn=(346)
29 1 0 0 1 0 0 1
fi=(164)
+1 5 2
fe=(101)
-1 1 1

fl=(114)
fn=(382)
29 1
fi=(96) /usr/src/debug/glibc-2.34-25.fc35.x86_64/string/../sysdeps/x86_64/multiarch/ifunc-strcpy.h
+7 2 2 0 1 0 0 1
+1 1 1
-1 2
+1 2
+2 2 0 0 1 0 0 1
+4 3
+3 3
fe=(114)
-17 1 1

fl=(102)
fn=(348)
43 1
-6 5 2 0 1 0 0 1
+6 1 1

fl=(84)
fn=(304)
29 1 0 0 1 0 0 1
fi=(85) /usr/src/debug/glibc-2.34-25.fc35.x86_64/string/../sysdeps/x86_64/multiarch/ifunc-memset.h
+21 5 2
+3 3 1
+7 2 0 0 1 0 0 1
+9 2
+2 2
+10 2
+8 2
+2 5 1
fe=(84)

fl=(111)
fn=(372)
29 1 0 0 1 0 0 1
fi=(96)
+7 2 2 0 1 0 0 1
+1 1 1
-1 2
+1 2
+2 2 0 0 1 0 0 1
+4 3
+3 3
fe=(111)
-17 1 1

fl=(156) /usr/src/debug/glibc-2.34-25.fc35.x86_64/stdlib/../sysdeps/unix/sysv/linux/getrandom.c
fn=(554) getrandom
28 1 0 0 1 0 0 1
+1 7 1
+1 1 1

fl=(115)
fn=(386)
29 1
fi=(116) /usr/src/debug/glibc-2.34-25.fc35.x86_64/wcsmbs/../sysdeps/x86_64/multiarch/ifunc-memcmp.h
+5 2 2 0 1 0 0 1
+1 1 1
-1 2
+1 2
+1 2 0 0 1 0 0 1
+1 3 1
+2 2
+4 3
+3 3
fe=(115)
-17 1 1

fl=(86)
fn=(308)
29 1 0 0 1 0 0 1
fi=(83) /usr/src/debug/glibc-2.34-25.fc35.x86_64/wcsmbs/../sysdeps/x86_64/multiarch/ifunc-wcslen.h
+5 4 2 0 1 0 0 1
-1 2
+2 3 1
+2 2 0 0 1 0 0 1
+4 3
+3 3
fe=(86)
-15 1 1

fl=(112)
fn=(376)
31 1 0 0 1 0 0 1
fi=(165) /usr/src/debug/glibc-2.34-25.fc35.x86_64/string/../sysdeps/x86_64/multiarch/ifunc-strcasecmp.h
+1 5 2
fe=(112)
-1 1 1

fl=(134) /usr/src/debug/glibc-2.34-25.fc35.x86_64/nptl/../sysdeps/unix/sysv/linux/x86/elision-conf.c
fn=(446) __lll_elision_init
96 2 0 1 1 0 0 1
+5 1
-5 1
+5 1
-5 3 1 1 1 0 0 1
+5 3 0 1
cob=(2)
cfi=(48)
cfn=(444)
calls=1 0 
* 22 5 1 0 1
+2 4 0 1
cob=(2)
cfi=(48)
cfn=(444)
calls=1 0 
* 22 5 1 0 1
+2 4 0 1
cob=(2)
cfi=(48)
cfn=(444)
calls=1 0 
* 22 5 1 0 1
+2 4 0 1 1 0 0 1
cob=(2)
cfi=(48)
cfn=(444)
calls=1 0 
* 22 5 1 0 2 0 0 1
+2 4 0 1
cob=(2)
cfi=(48)
cfn=(444)
calls=1 0 
* 22 5 1 0 1
+4 3 1 0 0 1 0 0 1
+1 1 0 1 0 0 1 0 0 1
+1 6 4 0 1 0 0 1

fl=(123)
fn=(406)
31 1 0 0 1 0 0 1
fi=(119) /usr/src/debug/glibc-2.34-25.fc35.x86_64/string/../sysdeps/x86_64/multiarch/ifunc-evex.h
+4 5 2
-1 2
+2 3 1
+5 2 0 0 1 0 0 1
-3 2
+9 3
+3 4
fe=(123)
-19 1 1

fl=(147) /usr/src/debug/glibc-2.34-25.fc35.x86_64/setjmp/sigjmp.c
fn=(508) __sigjmp_save
28 3 0 1 1 0 0 1
+2 2
-1 1 0 1
+5 3 2

fl=(81)
fn=(298)
66 1 0 0 1 0 0 1
-25 2 2
+1 1 1
-1 2
+1 2
+2 2 0 0 1 0 0 1
+6 3
+3 3
+13 1 1

fl=(94)
fn=(330)
30 1
fi=(90) /usr/src/debug/glibc-2.34-25.fc35.x86_64/wcsmbs/../sysdeps/x86_64/multiarch/ifunc-avx2.h
+3 5 2
-1 2 0 0 1 0 0 1
+2 3 1
+2 2
+4 3
+3 4
fe=(94)
-13 1 1 0 1 0 0 1

fl=(150)
fn=(528)
105 2 0 0 1 0 0 1
+1 8 4
cfi=(151) /usr/src/debug/glibc-2.34-25.fc35.x86_64/stdlib/../stdlib/strtol_l.c
cfn=(530) ____strtol_l_internal
calls=2 226 
* 301 41 20 10 3 0 10 1

fl=(99)
fn=(342)
67 1 0 0 1 0 0 1
-26 4 2
+1 3 1
+2 2
+6 3 0 0 1 0 0 1
+3 3
+14 1 1 0 1 0 0 1

fl=(137)
fn=(470)
46 4 0 1 1 0 0 1
+5 2 1
+4 5 4 0 0 2 0 0 1
+8 1 1
-2 1 0 1 0 0 1
+10 1
-9 1 0 1 1 0 0 1
+1 1 0 1 0 0 1 0 0 1
+9 2 1
-1 1
cfi=(138) /usr/src/debug/glibc-2.34-25.fc35.x86_64/misc/init-misc.c
cfn=(472) __init_misc
calls=1 -41 
* 73 11 5 10 2 1 10

fl=(143) /usr/src/debug/glibc-2.34-25.fc35.x86_64/stdlib/cxa_atexit.c
fn=(486) __cxa_atexit
69 1 0 0 1 0 0 1
+1 2
cfn=(488) __internal_atexit
calls=1 -34 
* 72 15 18 7 2 1 7

fn=(488)
36 6 0 5 1 0 0 1
+5 2 0 0 1 0 0 1
+2 9 0 1 0 0 1
+1 2 0 1
cfn=(490) __new_exitfn
calls=1 +38 
* 32 7 6 4 2 0 4
+2 2
+10 1 0 1
-3 1
+4 1 0 1
+1 1 0 1 1 0 0 1
-5 2 1
+2 1 0 1
+4 2 1 1
+1 1
-1 2
+2 7 6

fn=(490)
82 1 0 0 1 0 0 1
+6 2 1
-6 4 0 2
+11 4 1 0 1 1 0 1
-10 2
+12 4 1 0 0 1
-2 1 1
+10 1 0 1 1 0 0 1
-10 3
+45 1 0 1
+5 1
-4 1 0 1
+4 4 3
-18 1 0 1 1 0 0 1
-1 1
+1 1

fl=(122)
fn=(404)
31 1 0 0 1 0 0 1
fi=(165)
+1 5 2
fe=(122)
-1 1 1

fl=(95)
fn=(334)
31 1 0 0 1 0 0 1
fi=(96)
+5 2 2
+1 1 1
-1 2
+1 2 0 0 1 0 0 1
+2 2
+4 3
+3 3 0 0 1 0 0 1
fe=(95)
-15 1 1

fl=(142)
fn=(484)
242 12 0 6 1 0 0 1
343 3
+1 3 0 1
cfi=(143)
cfn=(486)
calls=1 69 
* 75 15 18 8 2 1 8
+25 4 2 0 1 0 0 1
+6 2 2
-3 2
+14 3 1
+15 2
+8 4 0 1
cfi=(144) /usr/src/debug/glibc-2.34-25.fc35.x86_64/csu/../sysdeps/nptl/libc_start_call_main.h
cfn=(502) (below main)
calls=1 29 
* 260022230 70552234 44896147 101 53 133664 101 26 133654
128 2 2 0 1 0 0 1
+6 3 1 0 0 1
+1 6 2 2 0 1
cob=(2)
cfi=(48)
cfn=(492)
calls=1 0 
* 7 2 0 1 0 0 1
* 1 1
+3 1 1 0 1 0 0 1
+1 2
+3 1 1
+1 2 2 0 0 1
-1 2 1
+2 7 0 1
+1 4 1 2 1 0 0 1
cob=(5)
cfi=(141)
cfn=(496)
calls=1 0 
* 11 1 0 3 0 0 3
-1 4 1

fl=(155) /usr/src/debug/glibc-2.34-25.fc35.x86_64/malloc/arena.c
fn=(552) ptmalloc_init.part.0
281 1 0 1 1 0 0 1
fi=(154)
3050 3 0 0 1 0 0 1
fe=(155)
281 5 1 2
+5 1 0 1
fi=(154)
3050 2 0 1
cfi=(156)
cfn=(554)
calls=1 28 
* 9 2 0 1 0 0 1
* 2
fe=(155)
311 2 1 0 2 0 0 2
+4 3 1 1 0 0 1
fi=(154)
1959 4
+3 2 0 2 0 0 1 0 0 1
-3 3 0 0 1 0 0 1
+3 252 0 252 0 0 31 0 0 31
-3 378
fe=(155)
320 3
fi=(154)
1970 1 0 1 0 0 1 0 0 1
+1 1 0 1 0 0 1
+2 1 0 1
fe=(155)
320 1 0 1
cob=(2)
cfi=(48)
cfn=(444)
calls=1 0 
* 23 5 1 0 1
+1 4 0 1 1 0 0 1
cob=(2)
cfi=(48)
cfn=(444)
calls=1 0 
* 22 5 1 0 2 0 0 1
+1 4 0 1
cob=(2)
cfi=(48)
cfn=(444)
calls=1 0 
* 23 5 1 0 2 0 0 1
+1 4 0 1
cob=(2)
cfi=(48)
cfn=(444)
calls=1 0 
* 23 5 1 0 2 0 0 1
+1 4 0 1 1 0 0 1
cob=(2)
cfi=(48)
cfn=(444)
calls=1 0 
* 22 5 1 0 2 0 0 1
+1 4 0 1
cob=(2)
cfi=(48)
cfn=(444)
calls=1 0 
* 23 5 1 0 1
+1 4 0 1
cob=(2)
cfi=(48)
cfn=(444)
calls=1 0 
* 23 5 1 0 1
+2 4 0 1
cob=(2)
cfi=(48)
cfn=(444)
calls=1 0 
* 23 5 1 0 1
+1 4 0 1 1 0 0 1
cob=(2)
cfi=(48)
cfn=(444)
calls=1 0 
* 23 5 1 0 1
+1 4 0 1
cob=(2)
cfi=(48)
cfn=(444)
calls=1 0 
* 23 5 1 0 1
+3 4 0 1
cob=(2)
cfi=(48)
cfn=(444)
calls=1 0 
* 23 5 1 0 2 0 0 1
+60 7 5 0 1 0 0 1

fl=(131) /usr/src/debug/glibc-2.34-25.fc35.x86_64/resource/../sysdeps/unix/sysv/linux/getrlimit64.c
fn=(438) getrlimit
38 2 0 0 1 0 0 1
+1 7
+1 1 1

fl=(120)
fn=(398)
29 1 0 0 1 0 0 1
fi=(164)
+1 5 2 0 1 0 0 1
fe=(120)
-1 1 1

fl=(118)
fn=(394)
29 1 0 0 1 0 0 1
fi=(119)
+6 5 2 0 1 0 0 1
-1 2
+2 3 1
+5 2
-3 2
+9 3 0 0 1 0 0 1
+3 4
fe=(118)
-21 1 1

fl=(133) /usr/src/debug/glibc-2.34-25.fc35.x86_64/nptl/pthread_mutex_conf.c
fn=(442) __pthread_tunables_init
50 2 0 1 1 0 0 1
+1 2
-1 4 1 1
+1 3 0 1
cob=(2)
cfi=(48)
cfn=(444)
calls=1 -51 
* 22 5 1 1 2 0 1 1
+2 4 0 1 1 0 0 1
cob=(2)
cfi=(48)
cfn=(444)
calls=1 -53 
* 23 5 1 0 1
+2 6 4

fl=(129)
fn=(434)
33 7 1 2 1 0 0 1
+2 1 0 1
cfi=(130) /usr/src/debug/glibc-2.34-25.fc35.x86_64/ctype/ctype-info.c
cfn=(436) __ctype_init
calls=1 -6 
* 17 10 3 2 2 0 2
+3 1 1 0 1 1 0 1
fi=(132) /usr/src/debug/glibc-2.34-25.fc35.x86_64/elf/../sysdeps/nptl/pthread_early_init.h
-5 2
fe=(129)
+8 1 0 1 0 0 1 0 0 1
-3 1 0 1 0 0 1 0 0 1
fi=(132)
-5 1 0 1
cfi=(131)
cfn=(438)
calls=1 +5 
* 10 1 0 1 0 0 1
* 3
+1 6 1
+11 1 1 0 1 0 0 1
fi=(166) /usr/src/debug/glibc-2.34-25.fc35.x86_64/elf/../nptl/nptl-stack.h
+14 3 2 0 0 1
fi=(132)
-14 1 1
fi=(166)
+14 2
fi=(132)
-5 1 0 1 0 0 1 0 0 1
fi=(166)
+5 2
fi=(132)
-7 1
fi=(166)
+7 1
fi=(132)
-13 1
+6 6 0 1 1 0 0 1
+1 1 0 1
+4 1 0 1
cfi=(133)
cfn=(442)
calls=1 -7 
* 66 15 6 3 3 0 3 1
fe=(129)
-10 3 2
+2 2 1
-2 1
cfi=(134)
cfn=(446)
calls=1 +49 
* 147 31 13 4 7 1 4 2 1

fl=(82)
fn=(300)
29 1 0 0 1 0 0 1
fi=(83)
+5 4 2
-1 2
+2 3 1 0 1 0 0 1
+2 2
+4 3
+3 3
fe=(82)
-15 1 1

fl=(87)
fn=(312)
29 1 0 0 1 0 0 1
fi=(88) /usr/src/debug/glibc-2.34-25.fc35.x86_64/string/../sysdeps/x86_64/multiarch/ifunc-memmove.h
+24 3 2
-1 2
+4 3 1
+14 2
+2 2 0 0 1 0 0 1
+8 2
+8 2
+2 5 1 0 1 0 0 1
fe=(87)

fl=(103)
fn=(350)
29 1 0 0 1 0 0 1
fi=(96)
+7 2 2 0 1 0 0 1
+1 1 1
-1 2
+1 2
+2 2 0 0 1 0 0 1
+4 3
+3 3
fe=(103)
-17 1 1

fl=(117)
fn=(390)
33 1 0 0 1 0 0 1
fi=(96)
+3 2 2
+1 1 1
-1 2
+1 2
+2 2 0 0 1 0 0 1
+4 3
+3 3
fe=(117)
-13 1 1

fl=(100)
fn=(344)
31 1
fi=(165)
+1 5 2 0 1 0 0 1
fe=(100)
-1 1 1

fl=(89)
fn=(316)
31 2 0 0 1 0 0 1
fi=(90)
+2 10 4
-1 4 0 0 1 0 0 1
+2 6 2
+2 4
+4 6
+3 8
fe=(89)
-12 2 2 0 1 0 0 1

fl=(104)
fn=(354)
31 1 0 0 1 0 0 1
fi=(165)
+1 5 2
fe=(104)
-1 1 1 0 1 0 0 1

fl=(158)
fn=(588)
26 8551062 0 0 1 0 0 1
+1 4275531 0 4275531
cfi=(152)
cfn=(590)
calls=4275531 288 
* 209225179 59857434 34204248 5 1 0 5
+1 8551062 4275531

fl=(138)
fn=(472)
30 1 0 0 1 0 0 1
+1 2
-1 4 0 2
+1 3 1
+2 3 0 1
cob=(2)
cfi=(48)
cfn=(474)
calls=1 -33 
* 48 4 0 8 2 0 8
+4 5 1 1 1 0 1 1
+1 3 2 1
+2 4 3

fl=(146)
fn=(506)
30 1 0 0 1 0 0 1
+2 1 0 1
+9 1
+1 2 1
+1 1 0 1
+4 1 0 1
+1 1 0 1
+1 1 0 1
+1 1 0 1
+1 1
+2 2 1
+2 1 0 1 1 0 0 1
+1 1 1
+1 1
+2 2 1
+2 1 0 1
+5 1 1 0 0 1
+1 1
+17 1
cfi=(147)
cfn=(508)
calls=1 -56 
* 9 2 2 1 0 0 1

fl=(105)
fn=(356)
29 1 0 0 1 0 0 1
fi=(106) /usr/src/debug/glibc-2.34-25.fc35.x86_64/string/../sysdeps/x86_64/multiarch/ifunc-memcmp.h
+5 2 2
+1 1 1
-1 2
+1 2
+1 2 0 0 1 0 0 1
+1 3 1
+2 2
+4 3
+3 3
fe=(105)
-17 1 1

fl=(130)
fn=(436)
29 1 0 0 1 0 0 1
+2 7 5 1 0 2
+2 4 2 1
+2 4 2 1 1 0 0 1
+1 1 1

fl=(97)
fn=(338)
31 2 0 0 1 0 0 1
fi=(98) /usr/src/debug/glibc-2.34-25.fc35.x86_64/wcsmbs/../sysdeps/x86_64/multiarch/ifunc-evex.h
+4 10 4
-1 4 0 0 1 0 0 1
+2 6 2
+5 4
-3 4
+9 6
+3 8 0 0 1 0 0 1
fe=(97)
-19 2 2

fl=(140)
fn=(478)
83 1
+1 4 2 0 1 1 0 1
+1 3 2 0 0 1
+1 3 2 0 1 2 0 1
+2 1 1

fl=(157) /usr/src/debug/glibc-2.34-25.fc35.x86_64/misc/../sysdeps/unix/sysv/linux/mmap64.c
fn=(568) mmap
48 8 0 0 1 0 0 1
+3 8
+8 16
+2 4 4

fl=(153)
fn=(542)
162 2 0 0 1 0 0 1
+8 2
+2 1 1 0 1 1 0 1
+1 2
+7 2
-4 1 1
+4 2 0 1
+1 2
+5 1 1
+16 1
+1 1
-16 5 0 0 1 0 0 1
+6 9
+1 1
-1 1
+1 2
+2 2 0 0 1 0 0 1
+1 2 0 1
-10 2
+6 261
+1 29
-1 29
+1 58
+2 58
+1 58 0 29 0 0 1 0 0 1
-10 58
+13 1 1
+1 1 0 1
-1 2 0 1
+3 1
362 930 310 0 1 0 0 1
+9 310 310
-1 310 310
+2 310 310
+3 620 310 310
+3 310
+4 310
-3 620
+8 600
+3 300 0 300
+1 300 0 300
203 600
390 10 0 10
+1 10 0 10
203 20
+7 22 1 0 1 0 0 1

fn=(592)
354 4275531 0 0 1 0 0 1
+3 17102124
+5 4275531 4275531
-2 4275531 4275531
+2 8551062
+8 4275531 4275531
+1 4275531 4275531
+1 4275531 4275531 0 1 0 0 1
+3 8551062 8551062 0 0 1
+3 4275531
+4 4275531
-7 4275531 0 4275531
+2 8551062 0 4275531
+2 8551062
+8 8275222
-27 137920
+27 137920
+3 137920 0 137920
+3 137920
-2 137920 0 137920
+7 137920 137920
-8 137920 0 137920
+3 137920
-2 137920 0 137920
+7 137920 137920
-32 3999691 0 0 1 0 0 1
+25 3999691 0 3999691
+2 3999691
-3 3999691 0 3999691
+8 3999691 3999691

fl=(154)
fn=(550)
3408 4 0 0 1 0 0 1
+1 8 4 0 0 1 0 0 1
+4 3
cfn=(560) _mid_memalign.constprop.0
calls=3 +4 
* 930 165 156 0 0 3 0 0 3
-5 3 0 2 1 0 0 1
fi=(155)
283 1 0 1
cfn=(552)
calls=1 -2 
* 972 65 285 10 16 35 10 5 33
* 2 2
fe=(154)
3414 1
-1 1
cfn=(560)
calls=1 +4 
* 310 55 52 35 2 1 35 1 1

fn=(562) _int_memalign
4829 28 0 24 1 0 0 1
1345 8
+19 32
4856 8 0 4
cfn=(564) _int_malloc
calls=4 3659 
* 872 160 156 25 2 4 25 1 4
* 4 0 0 1 0 0 1
+2 8
+5 4
-2 4
+2 12
+9 20
+2 16
+5 16 4 0 1 0 0 1
+3 8
+36 36 28 0 1 0 0 1
-34 4 4 0 1 0 0 1
+1 4
+1 4
-2 4 0 4
+1 4 0 4
+1 4

fn=(570) alloc_perturb
1998 12 4 0 1 0 0 1
+2 4 4

fn=(560)
3417 20 0 12 1 0 0 1
+6 8
+4 8
+21 12 4
+24 20 16 0 1 0 0 1
-40 12 0 0 1 0 0 1
+8 12
+10 20 0 4 1 0 0 1
cfn=(562)
calls=4 4829 
* 1100 196 192 30 2 4 30 1 4
+1 20 4
+18 8 0 0 1 0 0 1

fn=(566) sysmalloc
2390 32 0 24 1 0 0 1
+20 8 8
+11 8
+1 12 4 0 0 1 0 0 1
2857 36 28 0 1 0 0 1
2423 12 8 0 1 0 0 1
+14 16
+6 8
+22 12 0 0 1 0 0 1
+16 4 0 0 1 0 0 1
-1 4 0 4 0 0 4 0 0 4
+1 8 0 4
+5 12 4 4
+1 20 4 4
+3 12 4 4 1 0 0 1
+1 20 4 4
-46 28 0 4 1 0 0 1
cfi=(157)
cfn=(568)
calls=4 48 
* 36 4 0 1 0 0 1
+3 8

fn=(564)
3659 28 0 24 1 0 0 1
1345 8
+19 20
4301 36 28
1364 8 0 0 1 0 0 1
3699 8
4285 8
3726 8 4 0 1 0 0 1
+63 8
+62 152 0 48 2 0 0 2
+1 12 4
+20 4 4 0 1 0 0 1
-1 4
-1 4
+1 4
-1 4 0 4 1 0 0 1
+1 4 0 4
+1 8 4
+4 4 0 4
+6 4
+67 8 0 8
-67 12 4 0 1 0 0 1
4071 8 0 0 1 0 0 1
+2 12 4
+3 4 4 0 1 0 0 1
-3 4
+3 8
+68 8 4
+1 4
+1 4
-1 4
+3 4
-2 4
+2 4
-1 8 4 0 0 1
+1 4
+5 8 0 0 1 0 0 1
3851 16 0 4 1 0 0 1
4157 12 0 0 2 0 0 2
4257 4 4
+1 8 4
+2 8 4
+3 12
+17 12 4
+15 16 4 4 2 0 0 2
cfn=(566)
calls=4 2390 
* 296 68 52 8 1 4 8 1 4
* 4
+1 8
+1 12 0 4
cfn=(570)
calls=4 1998 
* 16 8 0 1 0 0 1
* 4

fl=(76)
fn=(288)
86 1 0 0 1 0 0 1
fi=(77) /usr/src/debug/glibc-2.34-25.fc35.x86_64/string/../sysdeps/x86/cacheinfo.h
-25 1 1
+3 3 1 0 0 1
+2 1
+1 1 0 1 0 0 1 0 0 1
-1 2 0 1
+7 3 1 0 1 0 0 1
+2 1
+1 1 0 1
-1 2 0 1
+5 2 1 1 0 0 1 0 0 1
+2 2 1 1
+1 2 1 1 1 1 1 1 0 1
+1 2 1 1
+2 2 1
fe=(76)
* 2 1

fl=(151)
fn=(530)
226 6 0 4 1 0 0 1
+54 2
-54 8 0 4
+19 2
-19 6 0 4
+14 2 2
-14 2 0 2
+26 4
+31 8
+9 12 6 0 1 2 0 1 1
+2 4
+5 4 0 0 1 0 0 1
+5 2
-6 2 0 2
+7 6
+3 6 2
+10 4
+10 8 0 2
-82 4 0 0 1 0 0 1
434 8
310 2 2 0 0 1
450 2
+10 6 2
-10 2 0 2
+10 2
+12 4
-5 7
+5 7
+1 21
-41 14 7
+2 24
+2 21 0 0 1 0 0 1
+28 21 0 0 1 0 0 1
+3 14
+11 4
+5 6 2 0 1 0 0 1
+6 4
325 4 0 0 1 0 0 1
492 6 2 0 1 0 0 1
-2 4
+17 10 2
+18 16 14 0 1 0 0 1

fl=(107)
fn=(360)
31 2 0 0 1 0 0 1
fi=(108) /usr/src/debug/glibc-2.34-25.fc35.x86_64/wcsmbs/../sysdeps/x86_64/multiarch/ifunc-wmemset.h
+2 10 4 0 1 0 0 1
+1 6 2
+2 4
+8 6
+3 8
fe=(107)
-16 2 2

fl=(92)
fn=(322)
28 1 0 0 1 0 0 1
fi=(79)
+5 5 2
-1 2
+2 3 1
+2 2
+4 3 0 0 1 0 0 1
+3 4
fe=(92)
-15 1 1

fl=(144)
fn=(502)
29 4 0 2
+15 1
-15 5 1 3 1 0 1 1
+15 1 0 1
cfi=(145)
cfn=(504)
calls=1 -16 
* 34 7 10 4 1 0 4
* 1
+2 2
+5 2 1 1 0 1
+1 2 1 1 0 1
+3 2 0 1 1 0 0 1
+3 6 5 1
cob=(5)
cfi=(141)
cfn=(510)
calls=1 -58 
* 260022170 70552219 44896127 95 50 133663 95 26 133654

fl=(93)
fn=(326)
29 2 0 0 1 0 0 1
fi=(88)
+24 6 4
-1 4
+4 6 2 0 1 0 0 1
+14 4
+2 4
+8 4
+8 4 0 0 1 0 0 1
+2 10 2 0 1 0 0 1
fe=(93)

fl=(121)
fn=(400)
33 1 0 0 1 0 0 1
fi=(88)
+20 3 2
-1 2
+4 3 1
+14 2
+2 2 0 0 1 0 0 1
+8 2
+8 2
+2 5 1 0 1 0 0 1
fe=(121)

fl=(78)
fn=(292)
31 2 0 0 1 0 0 1
fi=(79)
+2 10 4 0 0 1
-1 4
+2 6 2
+2 4
+4 6 0 0 1 0 0 1
+3 8
fe=(78)
-12 2 2

fl=(91)
fn=(320)
61 1 0 0 1 0 0 1
-20 2 2
+1 1 1
-1 2
-1 2
+2 2 0 0 1 0 0 1
+2 2
+4 3
+3 3
+10 1 1

totals: 260164602 70585729 44908750 1052 1510 134226 1041 1305 134195
